400
9
6.21869923414087 72 0 0 0 0 0 0 0 0 0 0 0 0 0 0 0 0 
9
0 0 0.157774483287742 86 -0.0229586857505201 24 0 0 0 0 -0.0942605229765324 90 0 0 0 0 0 0 
9
1.34861992612574 122 1.08755237367632 8 0 0 0 0 0.359797673992899 2 2.99486197510308 118 0 0 0 0 0 0 
9
0 0 1.04049802278188 15 0 0 0 0 0.347585730389043 3 1.33579887481748 136 0 0 0 0 0.288427948246842 3 
9
0.538102472308824 31 0 0 0.11757459823539 1 0 0 0 1 0.0589013346766295 117 0 0 0 0 0.484309507259717 59 
9
-0.183854377269745 1 0.0431794415646088 16 -0.0533763370154586 5 0.278443716203216 12 0 0 0.0927051941337421 9 -0.0367077425950769 1 0 0 0 0 
9
-0.00585605932495182 3 0.0159461905712059 11 -0.0116859676417974 26 0.331243287426906 24 0.353285239499475 26 0.341066709315455 23 1.13283586266435 27 0 0 0 0 
9
0.0650379582166249 4 0.0845819335922504 9 -0.0500292888553922 12 0.284548536452596 20 0.363105923466102 24 0.783745315742613 43 0.715863579356741 57 0.627133450235321 12 0.776904490036131 40 
9
0.636082203895587 87 0.736244952665159 79 0.71105237572046 85 0.811903415959716 82 0.714800796479584 80 0.767303492208161 87 0.881138681777103 85 0.632369352968752 62 0.747905483884063 90 
9
0.558311633997381 155 0.515736185569028 155 0.481320158491135 153 0.462931605338075 161 0.498136648846269 199 0.588848289391388 158 0.458233569345434 166 0.510524137120194 163 0.538446900879 158 
9
0 0 0 0 0 0 0 0 0 0 0 0 0 0 0 0 0 0 
9
0 0 0 0 0 0 0 0 0 0 0 0 0 0 0 0 0 0 
9
0 0 0 0 0 0 0 0 0 0 0 0 0 0 0 0 0 0 
9
0 0 0 0 0 0 0 0 0 0 0 0 0 0 0 0 0 0 
9
0 0 0 0 0 0 0 0 0 0 0 0 0 0 0 0 0 0 
9
0 0 0 0 0 0 0 0 0 0 0 0 0 0 0 0 0 0 
9
0 0 0 0 0 0 0 0 0 0 0 0 0 0 0 0 0 0 
9
0 0 0 0 0 0 0 0 0 0 0 0 0 0 0 0 0 0 
9
0 0 0 0 0 0 0 0 0 0 0 0 0 0 0 0 0 0 
9
-0.0653033239084482 6 0 0 0 0 0 0 0 0 0 0 0 0 0 0 0 0 
9
0.0117394137275091 2 0 0 0 0 0 0 0 0 0 0 0 0 0 0 0 0 
9
0.178248579203748 8 0 0 0 0 0 0 0 0 0 0 0 0 0 0 0 0 
9
0.374469687973546 7 0 0 0 0 0 0 0 0 0 0 0 0 0 0 0 0 
9
2.31243713263088 55 0 0 0 0 0 0 0 0 0 0 0 0 0 0 0 0 
9
0.736504859055942 12 0 0 0 0 0 0 0 0 -0.123825262145609 75 0 0 0 0 0.551338670208593 39 
9
0.545264128371035 15 0 0 0 0 0 0 0 0 0.00651691936280131 45 0 0 0 0 0.37082067862161 24 
9
0.55332133775352 29 0 0 0 0 0 0 0 0 0.174465695820245 9 0 0 0 0 0 0 
9
-0.00433375591348174 4 0.296631871472813 23 0.183968818267897 30 0 0 0 0 0 0 0.0327471337078943 1 0 0 0 0 
9
0.424844043413104 37 0.219493941534953 25 0.470825174983938 54 0.340651099372414 62 0.346319571897876 54 0.174576876275501 31 0.704745115434743 51 0.427882732359869 50 0.186634685568355 24 
9
0.567538348243543 124 0.0403975095418902 71 0.466176440412935 106 0.450096011180848 116 0.444654292761775 95 0.480952052665474 91 0.568773902304154 98 0.499659062638389 93 0.599888193817494 108 
9
0 0 0 0 0 0 0 0 0 0 0 0 0 0 0 0 0 0 
9
0 0 0 0 0 0 0 0 0 0 0 0 0 0 0 0 0 0 
9
0 0 0 0 0 0 0 0 0 0 0 0 0 0 0 0 0 0 
9
0 0 0 0 0 0 0 0 0 0 0 0 0 0 0 0 0 0 
9
0 0 0 0 0 0 0 0 0 0 0 0 0 0 0 0 0 0 
9
0 0 0 0 0 0 0 0 0 0 0 0 0 0 0 0 0 0 
9
0 0 0 0 0 0 0 0 0 0 0 0 0 0 0 0 0 0 
9
0 0 0 0 0 0 0 0 0 0 0 0 0 0 0 0 0 0 
9
0 0 0 0 0 0 0 0 0 0 0 0 0 0 0 0 0 0 
9
-0.0120029752807454 4 0 0 0 0 0 0 0 0 0 0 0 0 0 0 0 0 
9
0.062644551877879 5 0 0 0 0 0 0 0 0 0 0 0 0 0 0 0 0 
9
0 0 0 0 0 0 0 0 0 0 0 0 0 0 0 0 0 0 
9
0.37922276226735 10 0 0 0 0 0 0 0 0 0 0 0 0 0 0 0 0 
9
2.59510291984148 60 0 0 0 0 0 0 0 0 0 0 0 0 0 0 0 0 
9
1.25108440635742 8 0 0 0 0 0 0 0 0 0 0 0 0 0 0 0.0506297051601886 1 
9
0.681764610117956 20 0 0 0 0 0 0 0 0 -0.118579891607536 66 0 0 0 0 0.369758626495201 59 
9
0.881914427390978 27 0 0 0 0 0 0 0 0 0.495573454762005 36 0 0 0 0 0 0 
9
0.446950404852119 25 0.452083550615401 32 0.289527147047451 15 0.842517298735257 45 0.667276705779588 50 0.726670859462984 41 1.13660487152294 28 0 0 0 0 
9
0.741961021568425 39 0.541725627776831 50 0.202443616181912 33 0.489428452513829 38 0.0728747235434928 19 0.415080658760734 33 0.574428384079635 66 0.179198765651295 41 0.312129009445391 28 
9
0.306692743434849 85 0.509594273737391 92 0.286003358565671 62 0.490461445712871 96 0.490393682663677 102 0.450449460661944 80 0.497261090315696 80 0.400703184087644 65 0.558177886608723 81 
9
0 0 0 0 0 0 0 0 0 0 0 0 0 0 0 0 0 0 
9
0 0 0 0 0 0 0 0 0 0 0 0 0 0 0 0 0 0 
9
0 0 0 0 0 0 0 0 0 0 0 0 0 0 0 0 0 0 
9
0 0 0 0 0 0 0 0 0 0 0 0 0 0 0 0 0 0 
9
0 0 0 0 0 0 0 0 0 0 0 0 0 0 0 0 0 0 
9
0 0 0 0 0 0 0 0 0 0 0 0 0 0 0 0 0 0 
9
0 0 0 0 0 0 0 0 0 0 0 0 0 0 0 0 0 0 
9
0 0 0 0 0 0 0 0 0 0 0 0 0 0 0 0 0 0 
9
0 0 0 0 0 0 0 0 0 0 0 0 0 0 0 0 0 0 
9
0 0 0 0 0 0 0 0 0 0 0 0 0 0 0 0 0 0 
9
0.0688177851451394 4 0 0 0 0 0 0 0 0 0 0 0 0 0 0 0 0 
9
0.0580888146093359 3 0 0 0 0 0 0 0 0 0 0 0 0 0 0 0 0 
9
0.410173511626701 2 0 0 0 0 0 0 0 0 0 0 0 0 0 0 0 0 
9
2.04069703415072 54 0 0 0 0 0 0 0 0 0 0 0 0 0 0 0 0 
9
2.72604598684482 96 0 0 0 0 0 0 0 0 0 0 0 0 0 0 0 0 
9
0.318802071966312 14 0 0 0 0 0 0 0 0 0 0 0 0 0 0 0.0889976661513982 40 
9
0.61994544158496 31 0 0 0 0 0 0 0 0 0.291949938062118 76 0 0 0 0 0.148512870545917 24 
9
-0.00922559205489569 3 0.146314814297657 8 0.0857120998468945 14 0.421825331738513 39 0.607202343270391 62 0.295640706510267 65 0.499400395860948 28 0 0 0 0 
9
0.346566459333752 34 0.640088846739038 53 0.296058464774614 48 0.576714996933084 66 0.0311226474965291 33 0.498324383775229 72 0.713406981891928 65 0.725201636276976 40 0.394049248361036 42 
9
0.261948238699315 98 0.424099222533992 66 0.349348209972254 64 0.434228094695994 111 0.36139224264829 65 0.32666850269318 55 0.341526037677636 95 0.436577509069573 65 0.345061228301853 67 
9
0 0 0 0 0 0 0 0 0 0 0 0 0 0 0 0 0 0 
9
0 0 0 0 0 0 0 0 0 0 0 0 0 0 0 0 0 0 
9
0 0 0 0 0 0 0 0 0 0 0 0 0 0 0 0 0 0 
9
0 0 0 0 0 0 0 0 0 0 0 0 0 0 0 0 0 0 
9
0 0 0 0 0 0 0 0 0 0 0 0 0 0 0 0 0 0 
9
0 0 0 0 0 0 0 0 0 0 0 0 0 0 0 0 0 0 
9
0 0 0 0 0 0 0 0 0 0 0 0 0 0 0 0 0 0 
9
0 0 0 0 0 0 0 0 0 0 0 0 0 0 0 0 0 0 
9
0 0 0 0 0 0 0 0 0 0 0 0 0 0 0 0 0 0 
9
0 0 0 0 0 0 0 0 0 0 0 0 0 0 0 0 0 0 
9
0 0 0 0 0 0 0 0 0 0 0 0 0 0 0 0 0 0 
9
0.0838068948800232 4 0 0 0 0 0 0 0 0 0 0 0 0 0 0 0 0 
9
0 0 0 0 0 0 0 0 0 0 0 0 0 0 0 0 0 0 
9
0.523205389171676 12 0 0 0 0 0 0 0 0 0 0 0 0 0 0 0 0 
9
2.37888695779693 239 0 0 0 0 0 0 0 0 0 0 0 0 0 0 0 0 
9
0.10276529722186 2 0 0 0 0 0 0 0 0 0 0 0 0 0 0 -0.00397214829704926 1 
9
-0.0968698498553532 9 0.0834653405363587 23 0 0 0 0 0 0 0 0 0 0 0 0 -0.19640398735235 64 
9
0.613511478302847 38 0.558281214958466 20 0.132317887635211 27 0 0 0 0 0.289286867786239 86 0 0 0 0 0 0 
9
0.555956821302475 55 0.529322461924226 87 0.497223510873973 41 0.653318310926372 82 0.465801216424663 73 0.441921933383972 99 0.437914917503331 52 0.521381774253154 35 0.416983990774116 32 
9
0.302908323318039 65 0.424931690845364 87 0.339356739762276 71 0.420147523369671 81 0.366722306024429 102 0.310567137191391 124 0.442678412784938 80 0.311798286115353 84 0.255107821216197 75 
9
0 0 0 0 0 0 0 0 0 0 0 0 0 0 0 0 0 0 
9
0 0 0 0 0 0 0 0 0 0 0 0 0 0 0 0 0 0 
9
0 0 0 0 0 0 0 0 0 0 0 0 0 0 0 0 0 0 
9
0 0 0 0 0 0 0 0 0 0 0 0 0 0 0 0 0 0 
9
0 0 0 0 0 0 0 0 0 0 0 0 0 0 0 0 0 0 
9
0 0 0 0 0 0 0 0 0 0 0 0 0 0 0 0 0 0 
9
0 0 0 0 0 0 0 0 0 0 0 0 0 0 0 0 0 0 
9
0 0 0 0 0 0 0 0 0 0 0 0 0 0 0 0 0 0 
9
0 0 0 0 0 0 0 0 0 0 0 0 0 0 0 0 0 0 
9
0 0 0 0 0 0 0 0 0 0 0 0 0 0 0 0 0 0 
9
0 0 0 0 0 0 0 0 0 0 0 0 0 0 0 0 0 0 
9
0.120139245216102 5 0 0 0 0 0 0 0 0 0 0 0 0 0 0 0 0 
9
0.0382194347842783 1 0 0 0 0 0 0 0 0 0 0 0 0 0 0 0 0 
9
0.17134606611308 1 0 0 0 0 0 0 0 0 0 0 0 0 0 0 0 0 
9
1.45371732574663 58 0 0 0 0 0 0 0 0 0 0 0 0 0 0 0 0 
9
1.5589149858595 209 0 0 0 0 0 0 0 0 0.111943230367982 1 0 0 0 0 0 0 
9
0.568400574619903 48 0 0 0 0 0 0 0 0 0 0 0 0 0 0 -0.00130967114178449 42 
9
0.206376809744794 12 0.797520628102387 44 0.573804247712559 64 0.989953499059542 71 0 0 0 0 0 0 0 0 0.400659081913533 25 
9
0.474817785895912 53 0.092422860973428 13 0.43597358003244 80 0.0441705244862369 10 0.214758108291016 51 0.468907894780998 111 0.329899376716311 27 0.543156291770163 102 0.444389590251468 62 
9
0.0341319198489935 109 0.268036957565817 77 0.434215763238697 104 0.383677562012676 183 0.297382684377231 106 0.275069829999826 88 0.29460152614659 136 0.233909667643838 91 0.224247415044014 56 
9
0 0 0 0 0 0 0 0 0 0 0 0 0 0 0 0 0 0 
9
0 0 0 0 0 0 0 0 0 0 0 0 0 0 0 0 0 0 
9
0 0 0 0 0 0 0 0 0 0 0 0 0 0 0 0 0 0 
9
0 0 0 0 0 0 0 0 0 0 0 0 0 0 0 0 0 0 
9
0 0 0 0 0 0 0 0 0 0 0 0 0 0 0 0 0 0 
9
0 0 0 0 0 0 0 0 0 0 0 0 0 0 0 0 0 0 
9
0 0 0 0 0 0 0 0 0 0 0 0 0 0 0 0 0 0 
9
0 0 0 0 0 0 0 0 0 0 0 0 0 0 0 0 0 0 
9
0 0 0 0 0 0 0 0 0 0 0 0 0 0 0 0 0 0 
9
0 0 0 0 0 0 0 0 0 0 0 0 0 0 0 0 0 0 
9
0 0 0 0 0 0 0 0 0 0 0 0 0 0 0 0 0 0 
9
0 0 0 0 0 0 0 0 0 0 0 0 0 0 0 0 0 0 
9
0.092263660678433 6 0 0 0 0 0 0 0 0 0 0 0 0 0 0 0 0 
9
0 0 0 0 0 0 0 0 0 0 0 0 0 0 0 0 0 0 
9
0.252781318591149 11 0 0 0 0 0 0 0 0 0 0 0 0 0 0 0 0 
9
0.860634844135245 66 0.496685692402619 252 0.11896532289106 3 0 0 0 0 0 0 0 0 0 0 0 0 
9
0.179571471211754 22 0.722337895495296 77 0 0 0 0 0 0 0 0 0 0 0 0 0.0617219891345883 4 
9
-0.00700327193698227 4 0.101203198128511 3 -0.0533016082572398 21 1.22399524933068 191 1.08466385753504 422 0.567225298529422 38 0.842451895015506 96 0.72216991782882 79 0.751792939144786 70 
9
0.532334836426638 176 0.632789927147217 154 0.21411075089596 54 0.97618201222695 446 0.232499746889074 37 0.353824042294451 80 0.486671527534647 100 0.508872340775077 107 0.412126485802681 44 
9
0.0756334090119352 93 0.39922119808574 146 0.480549066950093 352 0.441957321233607 309 0.431560162568834 187 0.357623941946447 174 0.410132535686491 226 0.371817587327752 173 0.321621376718912 130 
9
0 0 0 0 0 0 0 0 0 0 0 0 0 0 0 0 0 0 
9
0 0 0 0 0 0 0 0 0 0 0 0 0 0 0 0 0 0 
9
0 0 0 0 0 0 0 0 0 0 0 0 0 0 0 0 0 0 
9
0 0 0 0 0 0 0 0 0 0 0 0 0 0 0 0 0 0 
9
0 0 0 0 0 0 0 0 0 0 0 0 0 0 0 0 0 0 
9
0 0 0 0 0 0 0 0 0 0 0 0 0 0 0 0 0 0 
9
0 0 0 0 0 0 0 0 0 0 0 0 0 0 0 0 0 0 
9
0 0 0 0 0 0 0 0 0 0 0 0 0 0 0 0 0 0 
9
0 0 0 0 0 0 0 0 0 0 0 0 0 0 0 0 0 0 
9
0 0 0 0 0 0 0 0 0 0 0 0 0 0 0 0 0 0 
9
0 0 0 0 0 0 0 0 0 0 0 0 0 0 0 0 0 0 
9
0 0 0 0 0 0 0 0 0 0 0 0 0 0 0 0 0 0 
9
0.0767225977796282 4 0 0 0 0 0 0 0 0 0 0 0 0 0 0 0 0 
9
0.0285957304513029 1 0 0 0 0 0 0 0 0 0 0 0 0 0 0 0 0 
9
0.143418664868586 4 0 0 0 0 0 0 0 0 0 0 0 0 0 0 0 0 
9
-0.180676371887239 60 -0.0256808677168918 3 -0.0795200683562157 8 0.0921428486199694 67 0 0 0 0 0.205478491607691 90 0 0 0 0 
9
0.249902796236539 36 0.0361368734274539 3 -0.00971037860483022 4 0.689971793915544 111 0.46257046105066 63 0.215109330129884 14 0.511774209661555 223 0.118840949703548 1 0 0 
9
0.653298671501719 141 0.0537387540681375 8 0.305171051220621 27 0.438128469169575 24 0.752622558138385 311 0.461279113853865 123 0.745419100072002 214 0.665817850392634 179 0.464038581147727 45 
9
0.617769076301455 356 0.538382033850676 109 0.485830164477639 140 0.648565894936841 564 0.559111916134811 689 0.646177938979378 263 0.30373159186735 121 0.58939820893317 276 0.997121731891053 548 
9
0.427190885413613 167 0.607915582969474 259 0.456388175633255 348 0.410774035254714 329 0.364766350006852 160 0.289039479844583 157 0.438901262142548 449 0.305399332726957 243 0.498337601834976 180 
9
0 0 0 0 0 0 0 0 0 0 0 0 0 0 0 0 0 0 
9
0 0 0 0 0 0 0 0 0 0 0 0 0 0 0 0 0 0 
9
0 0 0 0 0 0 0 0 0 0 0 0 0 0 0 0 0 0 
9
0 0 0 0 0 0 0 0 0 0 0 0 0 0 0 0 0 0 
9
0 0 0 0 0 0 0 0 0 0 0 0 0 0 0 0 0 0 
9
0 0 0 0 0 0 0 0 0 0 0 0 0 0 0 0 0 0 
9
0 0 0 0 0 0 0 0 0 0 0 0 0 0 0 0 0 0 
9
0 0 0 0 0 0 0 0 0 0 0 0 0 0 0 0 0 0 
9
0 0 0 0 0 0 0 0 0 0 0 0 0 0 0 0 0 0 
9
0 0 0 0 0 0 0 0 0 0 0 0 0 0 0 0 0 0 
9
0 0 0 0 0 0 0 0 0 0 0 0 0 0 0 0 0 0 
9
0 0 0 0 0 0 0 0 0 0 0 0 0 0 0 0 0 0 
9
0 0 0 0 0 0 0 0 0 0 0 0 0 0 0 0 0 0 
9
0.0649082471657372 5 0 0 0 0 0 0 0 0 0 0 0 0 0 0 0 0 
9
0 0 0 0 0 0 0 0 0 0 0 0 0 0 0 0 0 0 
9
0.353188730923975 8 0 0 0 0 0 0 0 0 0 0 0 0 0 0 0 0 
9
0.00087788590962845 59 -0.0237328403740239 2 -0.235018303628486 59 0.110110766409656 73 0.22905008629104 11 0.0403383269862616 17 0.715011002326166 82 0 0 0 0 
9
0.4811948936047 149 -0.0367754974960171 13 0.252511939088986 17 0.715798685054284 289 0.305763747044367 229 0.0190229246247855 14 0.586452994489253 178 0.345612028417327 28 0.15235746903513 13 
9
0.616019192357623 340 0.608124623971923 234 0.53315773553674 395 0.415258532911031 178 0.609794613743466 1030 0.523343139496271 518 0.611996730539189 296 0.582592822018732 368 0.570269712534129 624 
9
0.322351638959764 399 0.324762585910921 321 0.342495750446309 495 0.36774512578199 248 0.220250056270648 293 0.39063492146512 494 0.319973309127164 425 0.283848420158443 254 0.300001545624219 262 
9
0 0 0 0 0 0 0 0 0 0 0 0 0 0 0 0 0 0 
9
0 0 0 0 0 0 0 0 0 0 0 0 0 0 0 0 0 0 
9
0 0 0 0 0 0 0 0 0 0 0 0 0 0 0 0 0 0 
9
0 0 0 0 0 0 0 0 0 0 0 0 0 0 0 0 0 0 
9
0 0 0 0 0 0 0 0 0 0 0 0 0 0 0 0 0 0 
9
0 0 0 0 0 0 0 0 0 0 0 0 0 0 0 0 0 0 
9
0 0 0 0 0 0 0 0 0 0 0 0 0 0 0 0 0 0 
9
0 0 0 0 0 0 0 0 0 0 0 0 0 0 0 0 0 0 
9
0 0 0 0 0 0 0 0 0 0 0 0 0 0 0 0 0 0 
9
0 0 0 0 0 0 0 0 0 0 0 0 0 0 0 0 0 0 
9
0 0 0 0 0 0 0 0 0 0 0 0 0 0 0 0 0 0 
9
0 0 0 0 0 0 0 0 0 0 0 0 0 0 0 0 0 0 
9
0 0 0 0 0 0 0 0 0 0 0 0 0 0 0 0 0 0 
9
0.0463985694155911 4 0 0 0 0 0 0 0 0 0 0 0 0 0 0 0 0 
9
0 0 0 0 0 0 0 0 0 0 0 0 0 0 0 0 0 0 
9
0.111449607569499 6 0 0 0 0 0 0 0 0 0 0 0 0 0 0 0 0 
9
-0.0618905188602469 25 0.0140987063490649 83 0.011758193635017 6 0.0194382658056176 6 -0.0369053900241852 1 -0.112734291880865 10 -0.0279282869157926 3 0.380883558727911 39 0.109457747830752 5 
9
-0.011599941979709 35 -0.0809078631808474 25 0.438708108694714 83 0.287139306443171 41 0.50659170706285 188 0.224711482693268 31 0.608399072546962 174 0.559494307829801 156 0.538430274647324 153 
9
0.446839788240707 247 0.00674156218823202 73 0.478947510145455 357 0.303431028304595 184 0.459038009347883 564 0.534706283086097 212 0.682721388757203 218 0.538670092890178 331 0.536231624827794 375 
9
0.334232145138401 431 0.336686850340386 445 0.321017739208346 415 0.244151713940239 411 0.325235300709524 674 0.329899973527801 467 0.309640821016652 517 0.218473783418587 501 0.322236007421744 495 
9
0 0 0 0 0 0 0 0 0 0 0 0 0 0 0 0 0 0 
9
0 0 0 0 0 0 0 0 0 0 0 0 0 0 0 0 0 0 
9
0 0 0 0 0 0 0 0 0 0 0 0 0 0 0 0 0 0 
9
0 0 0 0 0 0 0 0 0 0 0 0 0 0 0 0 0 0 
9
0 0 0 0 0 0 0 0 0 0 0 0 0 0 0 0 0 0 
9
0 0 0 0 0 0 0 0 0 0 0 0 0 0 0 0 0 0 
9
0 0 0 0 0 0 0 0 0 0 0 0 0 0 0 0 0 0 
9
0 0 0 0 0 0 0 0 0 0 0 0 0 0 0 0 0 0 
9
0 0 0 0 0 0 0 0 0 0 0 0 0 0 0 0 0 0 
9
0 0 0 0 0 0 0 0 0 0 0 0 0 0 0 0 0 0 
9
1.45947116504186 18 0 0 0 0 0.0803651518028336 1 0 0 0 0 0 0 0 0 0 0 
9
0 0 0 0 0 0 0 0 0 0 0 0 0 0 0 0 0 0 
9
0 0 0 0 0 0 0 0 0 0 0 0 0 0 0 0 0 0 
9
0 0 0 0 0 0 0 0 0 0 0 0 0 0 0 0 0 0 
9
0.0191907208962612 6 0 0 0 0 0 0 0 0 0 0 0 0 0 0 0 0 
9
-0.0210725060740313 3 0 0 0 0 0 0 0 0 0 0 0 0 0 0 0 0 
9
0.0104940057887843 3 -0.0160105098364833 2 0.147472859867129 8 -0.0236022763149995 1 0.295105996949079 60 0.0132725573880416 1 0.345619657519876 7 0 0 0 0 
9
-0.142208360794037 62 -0.362316356791537 108 0.0321402137098323 42 0.423175757884148 23 0.587634503433222 106 0.15213868953344 10 0.552062997395307 79 0.568787141479795 52 0 0 
9
-0.0151016809721196 50 0.432777205921461 199 0.0752877669911122 92 0.354042456918251 188 0.437128341325759 144 0.434774926505463 145 0.452790716164439 159 0.470088870090713 195 0.447877069482347 145 
9
0.342716814289998 509 0.333308488780487 499 0.355634526300918 398 0.328306663403601 528 0.312751992581172 615 0.353003061763081 391 0.243073697090676 481 0.334038120407267 562 0.25771291136193 398 
9
0 0 0 0 0 0 0 0 0 0 0 0 0 0 0 0 0 0 
9
0 0 0 0 0 0 0 0 0 0 0 0 0 0 0 0 0 0 
9
0 0 0 0 0 0 0 0 0 0 0 0 0 0 0 0 0 0 
9
0 0 0 0 0 0 0 0 0 0 0 0 0 0 0 0 0 0 
9
0 0 0 0 0 0 0 0 0 0 0 0 0 0 0 0 0 0 
9
0 0 0 0 0 0 0 0 0 0 0 0 0 0 0 0 0 0 
9
0 0 0 0 0 0 0 0 0 0 0 0 0 0 0 0 0 0 
9
0 0 0 0 0 0 0 0 0 0 0 0 0 0 0 0 0 0 
9
0 0 0 0 0 0 0 0 0 0 0 0 0 0 0 0 0 0 
9
0.202537610849771 1 0.263048532529193 1 0 0 0 0 0 0 0 0 3.34183450087727 131 0.339323659187073 3 0 0 
9
2.26091929283368 84 0 0 0 0 0.0623569892092728 1 0 0 0 0 0.304753240469948 5 0 0 0 0 
9
0 0 0 0 0 0 0 0 0 0 0 0 0 0 0 0 0 0 
9
0 0 0 0 0 0 0 0 0 0 0 0 0 0 0 0 0 0 
9
0 0 0 0 0 0 0 0 0 0 0 0 0 0 0 0 0 0 
9
0.00618269704186116 4 0 0 0 0 0 0 0 0 0 0 0 0 0 0 0 0 
9
0.0910836590203795 6 0 0 0 0 0 0 0 0 0 0 0 0 0 0 0 0 
9
0.0333824746938041 4 0.199224908713938 10 0.011137256351484 11 0.509715344397234 31 -0.0852814114483201 1 -0.0816368605798974 3 0.166172586032405 3 0 0 0 0 
9
-0.203264741494574 23 -0.0415189859191295 110 -0.0166156433020986 44 0.251905467559448 38 0.71020792682979 100 0.56449863675924 58 0.885874398730303 64 -0.0083690439856111 3 0.776064899438149 40 
9
-0.15398267445653 39 0.0322209209876759 4 -0.0359487624121455 4 0.579218302570799 128 0.434486931237443 73 0.430058173953892 90 0.344018471061738 56 0.415623061932108 66 0.446674627338275 89 
9
0.305189712452992 399 0.344747647325641 219 0.324937336998548 217 0.344306327200401 264 0.340921782265102 288 0.232706705632776 289 0.425662608168438 320 0.345082362369175 333 0.321218211792421 285 
9
0 0 0 0 0 0 0 0 0 0 0 0 0 0 0 0 0 0 
9
0 0 0 0 0 0 0 0 0 0 0 0 0 0 0 0 0 0 
9
0 0 0 0 0 0 0 0 0 0 0 0 0 0 0 0 0 0 
9
0 0 0 0 0 0 0 0 0 0 0 0 0 0 0 0 0 0 
9
0 0 0 0 0 0 0 0 0 0 0 0 0 0 0 0 0 0 
9
0 0 0 0 0 0 0 0 0 0 0 0 0 0 0 0 0 0 
9
0 0 0 0 0 0 0 0 0 0 0 0 0 0 0 0 0 0 
9
0 0 0 0 0 0 0 0 0 0 0 0 0 0 0 0 0 0 
9
0 0 0 0 0 0 0 0 0 0 0 0 0 0 0 0 0 0 
9
0 0 0 0 0 0 0 0 0 0 0 0 0.867921772808447 5 4.51297864558138 168 0.251279859985467 1 
9
1.04015083702046 7 0 0 0 0 0.204193650118981 1 0 0 0 0 2.90237428228153 153 0.212401187965434 1 0 0 
9
2.75602358333199 81 0 0 0 0 0 0 0 0 0 0 0 0 0 0 0 0 
9
0 0 0 0 0 0 0 0 0 0 0 0 0 0 0 0 0 0 
9
0 0 0 0 0 0 0 0 0 0 0 0 0 0 0 0 0 0 
9
0.0480386849853113 4 0 0 0 0 0 0 0 0 0 0 0 0 0 0 0 0 
9
0.0202079555818924 8 -0.027710925283668 2 -0.0542890469317282 11 0 0 0 0 0 0 0 0 0 0 0 0 
9
0.605131397719589 55 0.603401406946512 53 0.478808022079227 25 0.483104916295676 34 0 0 0 0 0.569189694400253 24 0 0 0 0 
9
0.260424029314177 71 0.18987066318589 70 0.271535116787407 99 0.603320665791843 55 0.445711497414878 70 0.414581365118789 52 0.293661553167784 95 -0.00625082958332608 10 0.380827824051304 44 
9
-0.260447854255118 71 0.502452660415891 28 -0.128811404662647 136 -0.00986632406051882 1 0.0667671646245041 6 0.33644987773372 128 0.496709806783484 71 0.557329318341005 44 -0.00154279001129685 3 
9
0.0469709322335486 35 0.0100905962606651 193 0.0420894206959881 29 0.340371305215596 84 0.0402883481887024 84 0.0203023430679918 61 0.381818438369567 138 0.360223561573922 112 0.0765814160896414 35 
9
0 0 0 0 0 0 0 0 0 0 0 0 0 0 0 0 0 0 
9
0 0 0 0 0 0 0 0 0 0 0 0 0 0 0 0 0 0 
9
0 0 0 0 0 0 0 0 0 0 0 0 0 0 0 0 0 0 
9
0 0 0 0 0 0 0 0 0 0 0 0 0 0 0 0 0 0 
9
0 0 0 0 0 0 0 0 0 0 0 0 0 0 0 0 0 0 
9
0 0 0 0 0 0 0 0 0 0 0 0 0 0 0 0 0 0 
9
0 0 0 0 0 0 0 0 0 0 0 0 0 0 0 0 0 0 
9
0 0 0 0 0 0 0 0 0 0 0 0 0 0 0 0 0 0 
9
0 0 0 0 0 0 0 0 0 0 0 0 0 0 0 0 0 0 
9
0 0 0 0 0 0 0 0 0.677971291387879 1 0 0 0 0 1.64439601726627 7 7.26968309849133 124 
9
1.15378328800114 2 0 0 0 0 1.27757698570184 11 0.790302075461097 1 0 0 7.27373639166253 374 7.069049917128 242 7.46246569495838 185 
9
2.70429561686417 257 0.62864231554585 6 0 0 0.839370723028843 3 0 0 0 0 0 0 0 0 0 0 
9
0 0 0 0 0 0 0 0 0 0 0 0 0 0 0 0 0 0 
9
0 0 0 0 0 0 0 0 0 0 0 0 0 0 0 0 0 0 
9
-0.0234625179383468 1 0 0 0 0 0 0 0 0 0 0 0 0 0 0 0 0 
9
0.0406760171839347 5 0.138646415575303 10 0.00531866831797158 2 0.222651714934773 7 0 0 0 0 0 0 0 0 0 0 
9
0.952560562188116 79 0.853923860224107 57 0.574018061748171 36 1.11753795508662 102 0 0 0.186900785508984 2 0 0 0.155501369702363 1 0 0 
9
0.504242035603271 121 0.254142932547576 171 0.224100186711114 23 1.72779299669292 258 1.55759543820883 167 1.44872466102291 143 1.40098895710957 122 1.44665707507069 85 0.961714701550298 100 
9
-0.0420094341039658 1 -0.00257099048977867 12 0.0319729653179837 8 0.278775748275999 142 0.349319157084111 113 0.496098108474117 76 0 0 0.468455229856745 21 0 0 
9
-0.361249613598757 35 0.0666770217085157 54 0.148126795473041 114 0.290169726844759 76 0.0464433297910529 2 0 0 0 0 0 0 0 0 
9
0 0 0 0 0 0 0 0 0 0 0 0 0 0 0 0 0 0 
9
0 0 0 0 0 0 0 0 0 0 0 0 0 0 0 0 0 0 
9
0 0 0 0 0 0 0 0 0 0 0 0 0 0 0 0 0 0 
9
0 0 0 0 0 0 0 0 0 0 0 0 0 0 0 0 0 0 
9
0 0 0 0 0 0 0 0 0 0 0 0 0 0 0 0 0 0 
9
0 0 0 0 0 0 0 0 0 0 0 0 0 0 0 0 0 0 
9
0 0 0 0 0 0 0 0 0 0 0 0 0 0 0 0 0 0 
9
0 0 0 0 0 0 0 0 0 0 0 0 0 0 0 0 0 0 
9
0 0 0 0 0 0 0 0 0 0 0 0 0 0 0 0 0 0 
9
3.39783185459647 7 0 0 0 0 0 0 0 0 0 0 0 0 0 0 0 0 
9
2.09602634409727 8 0 0 0 0 1.04676112956468 1 0 0 0 0 8.35475332332504 257 8.11770195776221 452 8.28471013881341 791 
9
2.6360880465744 348 1.3853048225779 26 0 0 1.53199328011178 31 0 0 0 0 0 0 0 0 0.281697550802262 1 
9
1.4145638009336 71 0 0 0.0829057480621466 1 0 0 0.0506720249644632 1 0.0754706444132442 1 0 0 0.0723005350313048 1 0 0 
9
0 0 0 0 0 0 0 0 0 0 0 0 0 0 0 0 0 0 
9
0.0821073060268565 11 0 0 0 0 0 0 0 0 0 0 0 0 0 0 0 0 
9
0.0602139736253382 4 0.151457248988982 11 0.0632487026708755 4 0.0801993555198619 33 0.175234990834619 25 -0.006242004781372 14 0 0 0 0 0 0 
9
0.0153317806195738 12 0.0134485943694457 30 -0.159184713711672 13 0.70269178515996 48 0.680797356250225 59 0 0 0 0 0.80643977054526 46 0 0 
9
-0.032429376365208 124 -0.0272097701104703 103 -0.229868579637818 24 0.0482854311663284 6 0.0708176528896675 31 0.178949641059433 19 0.314423405316375 19 0.50417592181865 54 0.649299146215372 19 
9
0 0 0 0 0 0 0 0 0 0 0 0 0 0 0 0 0 0 
9
0 0 0 0 0 0 0 0 0 0 0 0 0 0 0 0 0 0 
9
0 0 0 0 0 0 0 0 0 0 0 0 0 0 0 0 0 0 
9
0 0 0 0 0 0 0 0 0 0 0 0 0 0 0 0 0 0 
9
0 0 0 0 0 0 0 0 0 0 0 0 0 0 0 0 0 0 
9
0 0 0 0 0 0 0 0 0 0 0 0 0 0 0 0 0 0 
9
0 0 0 0 0 0 0 0 0 0 0 0 0 0 0 0 0 0 
9
0 0 0 0 0 0 0 0 0 0 0 0 0 0 0 0 0 0 
9
0 0 0 0 0 0 0 0 0 0 0 0 0 0 0 0 0 0 
9
0 0 0 0 0 0 0 0 0 0 0 0 0 0 0 0 0 0 
9
0 0 0 0 0 0 0 0 0 0 0 0 0 0 0 0 0 0 
9
0 0 0 0 0 0 0 0 0 0 0 0 0 0 0 0 0 0 
9
2.41855979705382 7 4.9284633656367 450 5.15305752831306 691 1.95194954631013 4 5.98767848872134 992 5.00660209795517 721 5.71260903919072 49 6.03681612608904 312 6.08972565341494 1684 
9
3.16065633280802 358 1.97150053141043 89 0 0 0 0 0 0 0 0 0.561847032637046 2 0 0 0 0 
9
1.69625412976225 193 0.555017004511306 63 0 0 0 0 0 0 0 0 0 0 0 0 0 0 
9
0 0 0 0 0 0 0 0 0 0 0 0 0 0 0 0 0 0 
9
0.0341150015760179 7 0 0 0 0 0 0 0 0 0 0 0 0 0 0 0 0 
9
-0.0109008392693306 3 0.0138062195781895 4 0.0806535623711791 7 -0.0451472169561885 7 0.139631081447423 58 0.18796058699684 42 0.892488534179078 19 0 0 0 0 
9
0.1741466525099 10 0.213909894210729 11 -0.0128781320607714 14 0.450632488078283 35 0.47152284172686 100 0.273222434682474 33 0.977712876773498 63 0.386530083109115 6 0 0 
9
0.316222262743169 112 0.355610126230751 18 0.586338564454891 32 0.378346051057204 24 0 0 0 0 0 0 0.572973242156297 32 0 0 
9
0 0 0 0 0 0 0 0 0 0 0 0 0 0 0 0 0 0 
9
0 0 0 0 0 0 0 0 0 0 0 0 0 0 0 0 0 0 
9
0 0 0 0 0 0 0 0 0 0 0 0 0 0 0 0 0 0 
9
0 0 0 0 0 0 0 0 0 0 0 0 0 0 0 0 0 0 
9
0 0 0 0 0 0 0 0 0 0 0 0 0 0 0 0 0 0 
9
0 0 0 0 0 0 0 0 0 0 0 0 0 0 0 0 0 0 
9
0 0 0 0 0 0 0 0 0 0 0 0 0 0 0 0 0 0 
9
0 0 0 0 0 0 0 0 0 0 0 0 0 0 0 0 0 0 
9
0 0 0 0 0 0 0 0 0 0 0 0 0 0 0 0 0 0 
9
0 0 0 0 0 0 0 0 0 0 0 0 0 0 0 0 0 0 
9
0 0 0 0 0 0 0 0 0 0 0 0 0 0 0 0 0 0 
9
0 0 0 0 0 0 0 0 0 0 0 0 0 0 0 0 0 0 
9
4.11525278166093 622 4.09571180568532 625 3.37497455178991 563 4.094972570969 629 4.26126730266214 861 4.0641527095899 772 4.36954440657866 683 3.89303892951847 1101 4.31899827530222 1852 
9
2.97374212278453 15 3.33199373344615 254 3.51056653810654 273 0 0 0.612674526891975 2 3.64715776016237 666 0.28399450088212 1 1.29229519063252 3 0.752157766937134 2 
9
1.70226397749876 164 -0.0369664538668602 245 0 0 0 0 0 0 0 0 0 0 0 0 0 0 
9
1.19471334919225 64 0 0 0 0 0 0 0 0 0 0 0 0 0 0 0 0 
9
0.244173075662023 11 0 0 0 0 0 0 0 0 0 0 0 0 0 0 0 0 
9
0.0325953696139329 2 0.106530542934453 6 -0.294454600235754 34 0.423340090068995 14 0 0 0 0 0 0 0 0 0 0 
9
0.204996193459054 17 0.00940911288067379 7 -0.0895867212737045 31 0.583224752693466 37 0.472236314912129 47 0.389527422598411 89 0.728468039784068 68 0.018090390284898 1 0.473980891493708 9 
9
0.398749612973882 63 0.674863240966063 36 0.893865314015948 67 1.00258454710935 53 0 0 0.612746825269137 15 0 0 0 0 0 0 
9
0 0 0 0 0 0 0 0 0 0 0 0 0 0 0 0 0 0 
9
0 0 0 0 0 0 0 0 0 0 0 0 0 0 0 0 0 0 
9
0 0 0 0 0 0 0 0 0 0 0 0 0 0 0 0 0 0 
9
0 0 0 0 0 0 0 0 0 0 0 0 0 0 0 0 0 0 
9
0 0 0 0 0 0 0 0 0 0 0 0 0 0 0 0 0 0 
9
0 0 0 0 0 0 0 0 0 0 0 0 0 0 0 0 0 0 
9
0 0 0 0 0 0 0 0 0 0 0 0 0 0 0 0 0 0 
9
0 0 0 0 0 0 0 0 0 0 0 0 0 0 0 0 0 0 
9
0 0 0 0 0 0 0 0 0 0 0 0 0 0 0 0 0 0 
9
0 0 0 0 0 0 0 0 0 0 0 0 0 0 0 0 0 0 
9
0 0 0 0 0 0 0 0 0 0 0 0 0 0 0 0 0 0 
9
0 0 0 0 0 0 0 0 3.85846346004083 43 0 0 0 0 0 0 4.26982785542186 292 
9
0.66824067387289 2 2.61539325644015 52 3.51623416678315 232 3.1849105389196 538 3.55097026679153 605 3.54262173382176 564 0.701513628971526 2 3.44781820449827 691 3.62661422858844 799 
9
0.198698755705328 1 2.36276237803956 290 2.41385542689687 367 0 0 0.319352438977563 1 2.60240913835312 223 0.173693408647258 1 0.432476518496096 2 0 0 
9
0 0 1.23817074363667 523 0 0 0 0 0 0 0.224767257890252 9 0 0 0 0 0 0 
9
1.54431308117539 107 0.690270459272214 7 0 0 0 0 0 0 0 0 0 0 0 0 0.692150196204333 6 
9
0.129452395293859 2 0 0 0 0 0 0 0 0 0 0 0 0 0 0 0 0 
9
1.10953515937756 19 0 0 0 0 0 0 0 0 0 0 0 0 0 0 0 0 
9
0.0156781287502457 6 0.0875702966614069 11 0.406889313893675 41 0.969439574969966 83 0.911021872551695 89 0.736594338498089 36 0 0 0 0 0 0 
9
0.649907889897741 52 0.569450714553265 47 0.526016574086807 47 0.738927073339092 55 0.452658679181115 53 0.507991397429454 60 0.461975416220392 40 0.848217740949146 82 0.678284645790837 57 
9
0.740601135733546 54 0.569932849085651 74 0.627259556074974 35 0.707831978394274 62 0.574580916405175 33 0.553725671536346 17 0 0 0 0 0.516784439082122 34 
9
0 0 0 0 0 0 0 0 0 0 0 0 0 0 0 0 0 0 
9
0 0 0 0 0 0 0 0 0 0 0 0 0 0 0 0 0 0 
9
0 0 0 0 0 0 0 0 0 0 0 0 0 0 0 0 0 0 
9
0 0 0 0 0 0 0 0 0 0 0 0 0 0 0 0 0 0 
9
0 0 0 0 0 0 0 0 0 0 0 0 0 0 0 0 0 0 
9
0 0 0 0 0 0 0 0 0 0 0 0 0 0 0 0 0 0 
9
0 0 0 0 0 0 0 0 0 0 0 0 0 0 0 0 0 0 
9
0 0 0 0 0 0 0 0 0 0 0 0 0 0 0 0 0 0 
9
0 0 0 0 0 0 0 0 0 0 0 0 0 0 0 0 0 0 
9
0 0 0 0 0 0 0 0 0 0 0 0 0 0 0 0 0 0 
9
1.86024673223923 127 2.4100093805204 253 1.97821721701669 239 0.238600211126823 1 2.95486178354676 185 2.62109318332418 256 3.20861906082222 578 2.95390483682042 223 2.85565265624279 887 
9
0.119255864796265 1 0 0 0.0137939020395435 2 0 0 0 0 1.74018405307325 460 0 0 0 0 1.78492056800027 30 
9
0 0 1.40115684189157 186 0.657478318866764 20 0 0 0 0 1.56329807616034 319 0.087290933917468 1 0.312515009871328 1 1.55002717568568 180 
9
0 0 1.61187805511709 557 1.39970840995093 158 0 0 0 0 1.45823813279181 65 0.163610688117537 1 0 0 0 0 
9
0.838759542529882 70 1.09508103270113 126 0 0 0 0 0 0 0.147335741928825 10 0.10151875929479 1 0 0 0.921440603677003 66 
9
0.0519050983352773 79 0 0 0 0 0 0 0 0 0 0 0 0 0 0 0 0 
9
1.09369849885195 20 0 0 0 0 0 0 0 0 0 0 0 0 0 0 0 0 
9
0.161510669280165 16 0.074069974998987 3 0 0 0 0 0 0 0 0 0 0 0 0 0 0 
9
0.549533364491598 50 0.43911815055709 21 0.0186083245303926 9 0.647604055444408 45 0.585183558706479 49 0.337310984458193 25 0.429594569211649 36 0.734624668992896 51 0.415668204812982 29 
9
0.846860446827919 107 0.713459403433494 93 0.759331745377288 98 0.815656511698691 101 0.726744044790369 99 0.765114083141331 102 0.731551241857067 94 0.64445150919457 123 0.836340027915865 114 
9
0.227844757976557 13 0.551723658151486 29 0.135270596867873 2 0 0 0 0 0 0 0 0 0 0 0 0 
9
0 0 0 0 0 0 0 0 0 0 0 0 0 0 0 0 0 0 
9
0 0 0 0 0 0 0 0 0 0 0 0 0 0 0 0 0 0 
9
0 0 0 0 0 0 0 0 0 0 0 0 0 0 0 0 0 0 
9
0 0 0 0 0 0 0 0 0 0 0 0 0 0 0 0 0 0 
9
0 0 0 0 0 0 0 0 0 0 0 0 0 0 0 0 0 0 
9
0 0 0 0 0 0 0 0 0 0 0 0 0 0 0 0 0 0 
9
0 0 0 0 0 0 0 0 0 0 0 0 0 0 0 0 0 0 
9
0 0 0 0 0 0 0 0 0 0 0 0 0 0 0 0 0 0 
9
0 0 0 0 0 0 0 0 0 0 0 0 0 0 0 0 0 0 
9
0.177778051605447 1 0 0 0 0 0 0 0.160287634708152 1 0.811655466116177 39 1.49263299941881 55 1.86198345052242 123 2.53558099117118 292 
9
0 0 0 0 0 0 0 0 0 0 1.02328942072125 98 0 0 0 0 0 0 
9
0 0 0.555902458945038 99 0.369603446060468 53 0 0 0 0 0.336911857688445 309 0 0 0 0 0 0 
9
6.8595272523917 157 3.61021806414606 261 3.8601795803909 42 0 0 3.26434773610368 7 3.55893380826248 164 0 0 0 0 0.629587552227122 1 
9
0 0 0.664321622432669 114 0 0 0 0 0 0 0.549146366688421 124 0 0 0 0 0.623025957939083 65 
9
-0.0462935651790465 69 -0.0604723338079146 34 -0.345599310825803 20 0 0 0 0 -0.103758099210187 38 0 0 0 0 0.364171970988627 68 
9
0.591668654548024 17 0 0 0 0 0 0 0 0 0 0 0 0 0 0 0 0 
9
0.518370091935074 32 0.210527228445907 18 0.219071538868762 21 0.388604862807703 3 0 0 0 0 0 0 0 0 0.15984482979996 8 
9
0.552461033874132 55 0.505746690756409 33 0.0242106164212906 21 0.525916668526059 34 0.287870235950256 26 0.165811876755852 25 0.411155094628614 36 0.633742006454252 51 0.41891578175342 38 
9
0.879909084484102 97 0.652448977602104 73 0.700757621155624 76 0.720446566418055 79 0.827609945680248 115 0.678371695678753 77 0.710395216424993 81 0.910939270147847 89 0.856711722992741 86 
9
0.638927088166143 86 0.612347100740211 90 0.753652842280775 103 0.577704583610514 88 0.566497004047627 91 0.639876375959233 86 0.542474765403473 96 0.597337957430141 95 0.713873665309676 91 
9
0 0 0 0 0 0 0 0 0 0 0 0 0 0 0 0 0 0 
9
0 0 0 0 0 0 0 0 0 0 0 0 0 0 0 0 0 0 
9
0 0 0 0 0 0 0 0 0 0 0 0 0 0 0 0 0 0 
9
0 0 0 0 0 0 0 0 0 0 0 0 0 0 0 0 0 0 
9
0 0 0 0 0 0 0 0 0 0 0 0 0 0 0 0 0 0 
9
0 0 0 0 0 0 0 0 0 0 0 0 0 0 0 0 0 0 
9
0 0 0 0 0 0 0 0 0 0 0 0 0 0 0 0 0 0 
9
0 0 0 0 0 0 0 0 0 0 0 0 0 0 0 0 0 0 
9
-0.125211338614494 7 0 0 0 0 0 0 0 0 0 0 0 0 0 0 0 0 
9
-0.0638399919867516 2 0 0 0 0 0 0 0 0 0 0 0 0 0 0 0 0 
