40
9
8.17281962900044 85 8.60175913592438 52 8.63412713200503 64 8.35717449954189 21 8.1646681386917 18 8.57086344895651 60 8.75029637679169 785 8.68654529653449 44 8.79858611582136 70 
9
8.94506686455147 697 8.93610683495336 34 8.87273276163013 25 8.2608400771523 22 8.63076542954208 25 8.75820133363536 24 8.87169414326533 139 9.03409250977652 72 8.5950991531368 24 
9
9.14414469964092 50 8.97515074262989 936 8.94069734459008 80 9.10766756050948 51 8.67435540672841 54 9.13673109820016 91 9.14867403340089 73 8.85025308973925 172 9.12906845514419 140 
9
9.18910430837515 974 9.17340316327643 69 8.78477133274497 62 9.11457882835653 50 9.16006124922516 38 8.85683194347671 46 8.91666773924645 189 9.27483933252613 81 8.92541928690918 135 
9
8.7545296554483 33 8.78835231459292 34 8.89464574318483 60 8.93735122304093 43 9.06654939264745 30 9.1185673193252 67 9.16112956639909 865 9.13521093487676 45 8.99784384707564 99 
9
8.8306535208535 32 8.81929406487366 29 8.8110840739488 34 8.36283294461473 25 8.82735383166045 31 8.74738342528361 678 8.92958385800682 92 8.66325527461709 146 8.93930001415096 50 
9
7.80332761779853 20 7.90425057298249 22 8.84718081160097 789 8.78940791201115 46 8.67116111941513 27 8.83370704749502 29 8.54551078221771 120 8.68946095797754 65 8.80389121145698 64 
9
8.39085553604253 31 6.95223502313182 17 8.78812261603183 573 7.28563152531213 20 8.00674576638275 20 8.76730828566132 46 9.03942242771056 108 9.05441694368782 64 8.77120100351738 57 
9
8.29145900958727 61 8.67070401258934 42 8.7915925433082 47 8.85538638445742 34 8.55963493964779 879 8.69715107024332 33 8.29895067638692 128 8.75410172130825 71 8.7616514272319 42 
9
8.82752816239866 493 7.9004725368267 23 8.79318819769366 47 7.73618027985724 20 8.18869044069836 25 8.91329410074018 63 8.7959003244242 118 8.90854355976187 84 8.77268425031073 46 
9
7.78970848138962 31 8.11455959848146 40 8.36473463601471 45 7.61796885162596 41 7.93590386672732 24 8.07907121080196 29 8.31536948309627 725 8.10731538969119 101 8.29394565564576 28 
9
6.63944560692578 18 6.62014271640857 15 8.79252399563761 43 8.10383772088281 22 6.0317976470626 18 8.68447275004933 55 8.79970825573363 32 8.42350606603077 84 8.82842766982862 451 
9
8.06443558007816 37 7.87282783653892 43 7.69056877027004 56 7.37010841812967 23 8.35599233799118 662 8.16131117762321 31 8.27784095076288 117 8.2828118811286 35 7.53523187663551 47 
9
7.05614018309417 18 6.34353579257824 15 8.70987846596259 123 7.98810270095678 23 7.5703701966146 20 8.55777536873004 45 8.3425787543963 24 8.6892505058191 35 8.7274417621671 410 
9
7.79165080399715 34 7.85889605430626 51 7.51890793519199 42 7.92250654531418 30 7.53248636656559 39 7.75545776942035 39 8.00489076787297 106 8.03437530547431 784 7.40604225740103 25 
9
7.94750971439989 22 7.80243569792281 24 8.82595741674721 69 8.21434611322942 24 8.1358100674037 24 8.81581505287069 126 8.49220968331684 35 8.20438299134893 21 8.8217714316721 478 
9
7.67949072226216 37 7.62153795754215 22 7.46041397881864 51 7.46592657116123 638 7.61219022313983 28 7.40965078352438 21 7.7290271365331 84 7.32970310845834 29 7.08308408362569 21 
9
6.08816792722966 13 8.94382845952511 429 8.87373536780071 78 6.31734208883458 14 5.43026340569766 13 8.83312988945917 47 8.51177387941958 44 6.81823918972179 14 8.7682560860605 30 
9
7.401207202662 24 7.32548737274626 25 7.24682756950441 22 7.71142976414957 35 6.95624973195076 15 7.40016010517585 32 7.41282698659686 104 7.52279002902754 555 7.61437249735351 26 
9
8.44520708109946 387 7.38215666214744 17 8.7514561514123 68 6.92376198655094 14 5.86837994059519 13 8.71925069135169 124 8.89357317106066 36 7.84205833101839 20 8.07958325249826 23 
9
7.44263889298265 25 6.90578012930046 18 7.30937507806462 21 7.15136639838918 25 7.01174113263952 31 5.76242424670724 12 7.26756582682249 85 7.21569003951609 573 7.14271302213601 20 
9
8.31701366152678 23 7.14996312340961 15 8.28840229604351 82 7.54955584104701 21 7.11885719848024 18 8.76548729242525 81 7.56198887723319 19 5.80415423787167 13 8.58071705470879 451 
9
4.43044168704551 9 6.43410202304833 15 5.27386028391548 13 5.54901578539943 14 7.29327996790712 31 6.26977710723083 14 7.57025460064905 55 7.04798549395147 21 7.38926520406061 449 
9
5.10216824709563 10 8.5707958338693 389 8.89581585455577 84 7.37047518097151 17 6.86122608399737 17 8.50451809440479 113 7.39581544758931 17 6.46726112274827 14 6.31249748305604 14 
9
5.88078149837414 15 5.3766477580204 15 7.18041761897284 435 6.28508330369285 17 7.14838478267478 17 6.61846090934037 15 7.00420262536241 53 6.92118417715244 20 4.70115741180663 9 
9
7.13379707756374 19 7.66338737016062 23 8.75880910077386 82 7.24143018530475 18 7.47349916881216 18 8.71440364525002 83 8.35462057179978 435 6.74002495397177 14 8.14358832126 22 
9
7.14717208938364 374 7.01651757867444 19 4.93282203336139 11 5.20412751913216 14 5.47467036166195 12 5.49986292846297 13 7.2658333020407 35 6.54001632917261 18 7.31231994830759 20 
9
7.2957813118376 20 6.60066682779033 16 8.94001936460326 97 7.41362855182815 19 6.46170885600202 13 8.64452178909624 55 8.66617609169602 371 5.55246041526806 11 4.6257272254096 7 
9
5.64700676951976 13 6.89838578814708 352 6.26727855521614 12 6.63522023119606 17 6.94255732917036 18 6.16604412174526 15 6.7057790537142 13 6.89201492774573 26 3.53636545276762 8 
9
5.78871345804445 12 6.96761764734635 14 9.04974554069337 100 6.37508822454344 13 8.52758829031112 332 8.84064446518574 53 6.43467922104605 12 6.19128411016213 14 7.73333043547284 19 
9
7.01801931217991 16 5.80744707233219 13 6.49076522256724 15 6.86319970239072 27 7.24353778417415 26 7.17634755715476 18 7.09131782721158 16 6.46565293616444 12 7.00446930751096 383 
9
7.27406001010673 19 7.32914974751612 18 8.79928491026961 148 7.36015382780455 18 7.82430142076087 20 8.66308827085151 373 7.48257946911788 33 6.60505248358627 13 8.4026675820178 26 
9
4.86042668773099 11 4.81732860063862 9 4.87296224027695 9 7.2385871658245 331 6.19612441172831 15 6.99843494525878 24 6.920283247371 17 6.34171036087373 17 7.31677458741004 19 
9
6.50412755698665 14 6.48642198253465 12 8.9976356351414 98 7.40248775732507 17 8.85966147096632 321 9.13192191260969 30 5.46319625331972 10 6.81536704481709 16 6.8554275099857 15 
9
5.98542045448003 15 4.34171501372339 9 7.28948120188592 335 7.13993666682145 30 5.19357612091798 11 6.01480896479352 12 5.78169698086433 12 6.27871628416786 13 6.05763003447578 10 
9
4.72154737358781 11 6.94495995049973 15 9.14752302783324 89 5.8361315601358 11 8.26753506051967 22 9.11115500910218 344 5.74470520794395 9 6.75463235710978 14 5.5544263792024 11 
9
5.73256443338145 14 6.70474766538511 14 7.80475336683786 33 7.47008390717862 308 5.29605002421959 10 7.60326229063397 16 7.56674724777157 21 7.27534249803849 22 4.62405908013373 6 
9
8.10223442495312 20 5.78678248306862 10 9.14185270695066 60 7.74282933512684 15 7.23560632947714 15 9.11071095381829 32 9.21334454973579 399 7.20654589014674 15 7.53511241162951 15 
9
4.44792408109766 991 -0.242114788284866 491 3.44380849777262 683 3.97007157898139 540 3.15145678398503 3579 4.85961471353086 300 -0.286563340840058 454 -29.0928554338723 338 -0.383138635770098 756 
9
8.01943895993509 1898 7.98209011514242 2721 8.05500527236348 2076 8.02187336814914 1672 7.79283153842245 2368 9.33803469864486 2823 7.84289266930012 1620 7.90919480482807 2170 7.77095045818637 1113 
