400
9
1.08251051333375 3 0 0 0 0 0 0 0 0 0 0 0 0 0 0 0 0 
9
0 0 0 0 0 0 0 0 0 0 0 0 0 0 0 0 0 0 
9
1.5972153128865 6 0 0 0.820815602116819 2 0.452837062649466 1 0 0 0.46909599770111 1 0 0 0 0 0.66810427865241 2 
9
0.743582253804061 1 0 0 0 0 0 0 0 0 0 0 0 0 0 0 0 0 
9
0 0 0 0 0 0 0 0 0 0 0 0 0 0 0 0 0 0 
9
0 0 0 0 0 0 0 0 0 0 0 0 0 0 0 0 0 0 
9
0 0 0 0 0 0 0 0 0 0 0 0 0 0 0 0 0 0 
9
0 0 0 0 0 0 0 0 0 0 0 0 0 0 0 0 0 0 
9
0 0 0 0 0 0 0 0 0 0 0 0 0 0 0 0 0 0 
9
0 0 0 0 0 0 0 0 0 0 0 0 0 0 0 0 0 0 
9
0 0 0 0 0 0 0 0 0 0 0 0 0 0 0 0 0 0 
9
0 0 0 0 0 0 0 0 0 0 0 0 0 0 0 0 0 0 
9
0 0 0 0 0 0 0 0 0 0 0 0 0 0 0 0 0 0 
9
0 0 0 0 0 0 0 0 0 0 0 0 0 0 0 0 0 0 
9
0 0 0 0 0 0 0 0 0 0 0 0 0 0 0 0 0 0 
9
0 0 0 0 0 0 0 0 0 0 0 0 0 0 0 0 0 0 
9
0 0 0 0 0 0 0 0 0 0 0 0 0 0 0 0 0 0 
9
0 0 0 0 0 0 0 0 0 0 0 0 0 0 0 0 0 0 
9
0 0 0 0 0 0 0 0 0 0 0 0 0 0 0 0 0 0 
9
0 0 0 0 0 0 0 0 0 0 0 0 0 0 0 0 0 0 
9
0 0 0 0 0 0 0 0 0 0 0 0 0 0 0 0 0 0 
9
0 0 0 0 0 0 0 0 0 0 0 0 0 0 0 0 0 0 
9
2.04742676967739 8 0.641729090044192 1 0.656191975272658 1 0 0 0 0 0.655822045005324 1 0.600272666815589 1 0 0 0.593281185034583 1 
9
2.34649915927154 8 1.44742797210964 2 1.6432374800453 3 0 0 0.763002676531676 1 0.651842083586374 1 0 0 1.21862381516639 2 0 0 
9
0 0 0 0 0 0 0 0 0 0 0 0 0 0 0 0 0 0 
9
0 0 0 0 0 0 0 0 0 0 0 0 0 0 0 0 0 0 
9
0 0 0 0 0 0 0 0 0 0 0 0 0 0 0 0 0 0 
9
0 0 0 0 0 0 0 0 0 0 0 0 0 0 0 0 0 0 
9
0 0 0 0 0 0 0 0 0 0 0 0 0 0 0 0 0 0 
9
0 0 0 0 0 0 0 0 0 0 0 0 0 0 0 0 0 0 
9
0 0 0 0 0 0 0 0 0 0 0 0 0 0 0 0 0 0 
9
0 0 0 0 0 0 0 0 0 0 0 0 0 0 0 0 0 0 
9
0 0 0 0 0 0 0 0 0 0 0 0 0 0 0 0 0 0 
9
0 0 0 0 0 0 0 0 0 0 0 0 0 0 0 0 0 0 
9
0 0 0 0 0 0 0 0 0 0 0 0 0 0 0 0 0 0 
9
0 0 0 0 0 0 0 0 0 0 0 0 0 0 0 0 0 0 
9
0 0 0 0 0 0 0 0 0 0 0 0 0 0 0 0 0 0 
9
0 0 0 0 0 0 0 0 0 0 0 0 0 0 0 0 0 0 
9
0 0 0 0 0 0 0 0 0 0 0 0 0 0 0 0 0 0 
9
0 0 0 0 0 0 0 0 0 0 0 0 0 0 0 0 0 0 
9
0 0 0 0 0 0 0 0 0 0 0 0 0 0 0 0 0 0 
9
0 0 0 0 0 0 0 0 0 0 0 0 0 0 0 0 0 0 
9
1.0793967076758 2 0.651111385652713 1 0 0 0 0 0 0 0 0 0 0 0.60618611514933 1 0 0 
9
3.13524798098102 9 2.18306262364144 3 0.679934537716878 1 1.00077463916375 1 0.892183161327224 1 0.895647001811843 1 0 0 0 0 0 0 
9
0 0 0 0 0 0 0 0 0 0 0 0 0 0 0 0 0 0 
9
0 0 0 0 0 0 0 0 0 0 0 0 0 0 0 0 0 0 
9
0 0 0 0 0 0 0 0 0 0 0 0 0 0 0 0 0 0 
9
0 0 0 0 0 0 0 0 0 0 0 0 0 0 0 0 0 0 
9
0 0 0 0 0 0 0 0 0 0 0 0 0 0 0 0 0 0 
9
0 0 0 0 0 0 0 0 0 0 0 0 0 0 0 0 0 0 
9
0 0 0 0 0 0 0 0 0 0 0 0 0 0 0 0 0 0 
9
0 0 0 0 0 0 0 0 0 0 0 0 0 0 0 0 0 0 
9
0 0 0 0 0 0 0 0 0 0 0 0 0 0 0 0 0 0 
9
0 0 0 0 0 0 0 0 0 0 0 0 0 0 0 0 0 0 
9
0 0 0 0 0 0 0 0 0 0 0 0 0 0 0 0 0 0 
9
0 0 0 0 0 0 0 0 0 0 0 0 0 0 0 0 0 0 
9
0 0 0 0 0 0 0 0 0 0 0 0 0 0 0 0 0 0 
9
0 0 0 0 0 0 0 0 0 0 0 0 0 0 0 0 0 0 
9
0 0 0 0 0 0 0 0 0 0 0 0 0 0 0 0 0 0 
9
0 0 0 0 0 0 0 0 0 0 0 0 0 0 0 0 0 0 
9
0 0 0 0 0 0 0 0 0 0 0 0 0 0 0 0 0 0 
9
0 0 0 0 0 0 0 0 0 0 0 0 0 0 0 0 0 0 
9
0 0 0 0 0 0 0 0 0 0 0 0 0 0 0 0 0 0 
9
3.15576303112315 8 0 0 1.68059900446993 2 0 0 2.06397392305126 3 0 0 1.46818949985401 2 0 0 0 0 
9
3.14829215458853 6 1.07289035248472 1 1.10394224085185 1 1.06466834473326 1 1.06083071160032 1 0 0 0 0 0 0 0 0 
9
0 0 0 0 0 0 0 0 0 0 0 0 0 0 0 0 0 0 
9
0 0 0 0 0 0 0 0 0 0 0 0 0 0 0 0 0 0 
9
0 0 0 0 0 0 0 0 0 0 0 0 0 0 0 0 0 0 
9
0 0 0 0 0 0 0 0 0 0 0 0 0 0 0 0 0 0 
9
0 0 0 0 0 0 0 0 0 0 0 0 0 0 0 0 0 0 
9
0 0 0 0 0 0 0 0 0 0 0 0 0 0 0 0 0 0 
9
0 0 0 0 0 0 0 0 0 0 0 0 0 0 0 0 0 0 
9
0 0 0 0 0 0 0 0 0 0 0 0 0 0 0 0 0 0 
9
0 0 0 0 0 0 0 0 0 0 0 0 0 0 0 0 0 0 
9
0 0 0 0 0 0 0 0 0 0 0 0 0 0 0 0 0 0 
9
0 0 0 0 0 0 0 0 0 0 0 0 0 0 0 0 0 0 
9
0 0 0 0 0 0 0 0 0 0 0 0 0 0 0 0 0 0 
9
0 0 0 0 0 0 0 0 0 0 0 0 0 0 0 0 0 0 
9
0 0 0 0 0 0 0 0 0 0 0 0 0 0 0 0 0 0 
9
0 0 0 0 0 0 0 0 0 0 0 0 0 0 0 0 0 0 
9
0 0 0 0 0 0 0 0 0 0 0 0 0 0 0 0 0 0 
9
0 0 0 0 0 0 0 0 0 0 0 0 0 0 0 0 0 0 
9
0 0 0 0 0 0 0 0 0 0 0 0 0 0 0 0 0 0 
9
1.9155712731899 3 0 0 0 0 0 0 0 0 0 0 0 0 0 0 0 0 
9
3.70237774375919 9 2.01656833892671 2 1.14565758758761 1 0 0 2.00839747196046 2 0 0 1.86026192215384 2 0 0 2.04731248856939 2 
9
1.26081787378273 1 0 0 0 0 0 0 0 0 0 0 0 0 0 0 0 0 
9
0 0 0 0 0 0 0 0 0 0 0 0 0 0 0 0 0 0 
9
0 0 0 0 0 0 0 0 0 0 0 0 0 0 0 0 0 0 
9
0 0 0 0 0 0 0 0 0 0 0 0 0 0 0 0 0 0 
9
0 0 0 0 0 0 0 0 0 0 0 0 0 0 0 0 0 0 
9
0 0 0 0 0 0 0 0 0 0 0 0 0 0 0 0 0 0 
9
0 0 0 0 0 0 0 0 0 0 0 0 0 0 0 0 0 0 
9
0 0 0 0 0 0 0 0 0 0 0 0 0 0 0 0 0 0 
9
0 0 0 0 0 0 0 0 0 0 0 0 0 0 0 0 0 0 
9
0 0 0 0 0 0 0 0 0 0 0 0 0 0 0 0 0 0 
9
0 0 0 0 0 0 0 0 0 0 0 0 0 0 0 0 0 0 
9
0 0 0 0 0 0 0 0 0 0 0 0 0 0 0 0 0 0 
9
0 0 0 0 0 0 0 0 0 0 0 0 0 0 0 0 0 0 
9
0 0 0 0 0 0 0 0 0 0 0 0 0 0 0 0 0 0 
9
0 0 0 0 0 0 0 0 0 0 0 0 0 0 0 0 0 0 
9
0 0 0 0 0 0 0 0 0 0 0 0 0 0 0 0 0 0 
9
0 0 0 0 0 0 0 0 0 0 0 0 0 0 0 0 0 0 
9
0 0 0 0 0 0 0 0 0 0 0 0 0 0 0 0 0 0 
9
0 0 0 0 0 0 0 0 0 0 0 0 0 0 0 0 0 0 
9
2.95511722922178 6 0 0 0 0 1.67382036460188 2 1.96040820608448 2 0 0 0 0 1.98833983512832 2 0 0 
9
3.70710921490736 8 0 0 1.23314076066814 1 0 0 0 0 0 0 1.01139049024998 1 0 0 1.75739198093776 2 
9
0 0 0 0 0 0 0 0 0 0 0 0 0 0 0 0 0 0 
9
0 0 0 0 0 0 0 0 0 0 0 0 0 0 0 0 0 0 
9
0 0 0 0 0 0 0 0 0 0 0 0 0 0 0 0 0 0 
9
0 0 0 0 0 0 0 0 0 0 0 0 0 0 0 0 0 0 
9
0 0 0 0 0 0 0 0 0 0 0 0 0 0 0 0 0 0 
9
0 0 0 0 0 0 0 0 0 0 0 0 0 0 0 0 0 0 
9
0 0 0 0 0 0 0 0 0 0 0 0 0 0 0 0 0 0 
9
0 0 0 0 0 0 0 0 0 0 0 0 0 0 0 0 0 0 
9
0 0 0 0 0 0 0 0 0 0 0 0 0 0 0 0 0 0 
9
0 0 0 0 0 0 0 0 0 0 0 0 0 0 0 0 0 0 
9
0 0 0 0 0 0 0 0 0 0 0 0 0 0 0 0 0 0 
9
0 0 0 0 0 0 0 0 0 0 0 0 0 0 0 0 0 0 
9
0 0 0 0 0 0 0 0 0 0 0 0 0 0 0 0 0 0 
9
0 0 0 0 0 0 0 0 0 0 0 0 0 0 0 0 0 0 
9
0 0 0 0 0 0 0 0 0 0 0 0 0 0 0 0 0 0 
9
0 0 0 0 0 0 0 0 0 0 0 0 0 0 0 0 0 0 
9
0 0 0 0 0 0 0 0 0 0 0 0 0 0 0 0 0 0 
9
0 0 0 0 0 0 0 0 0 0 0 0 0 0 0 0 0 0 
9
0.942621563144564 1 0 0 0 0 0.820568468312627 1 0 0 0 0 0 0 0 0 0 0 
9
3.75090544717726 11 2.61399139164982 3 1.03400678560209 1 2.05089054390362 2 1.20800279956919 1 0 0 1.18211157581224 1 0.808292584307599 1 1.21817373615366 1 
9
0 0 0 0 0 0 0 0 0 0 0 0 0 0 0 0 0 0 
9
0 0 0 0 0 0 0 0 0 0 0 0 0 0 0 0 0 0 
9
0 0 0 0 0 0 0 0 0 0 0 0 0 0 0 0 0 0 
9
0 0 0 0 0 0 0 0 0 0 0 0 0 0 0 0 0 0 
9
0 0 0 0 0 0 0 0 0 0 0 0 0 0 0 0 0 0 
9
0 0 0 0 0 0 0 0 0 0 0 0 0 0 0 0 0 0 
9
0 0 0 0 0 0 0 0 0 0 0 0 0 0 0 0 0 0 
9
0 0 0 0 0 0 0 0 0 0 0 0 0 0 0 0 0 0 
9
0 0 0 0 0 0 0 0 0 0 0 0 0 0 0 0 0 0 
9
0 0 0 0 0 0 0 0 0 0 0 0 0 0 0 0 0 0 
9
0 0 0 0 0 0 0 0 0 0 0 0 0 0 0 0 0 0 
9
0 0 0 0 0 0 0 0 0 0 0 0 0 0 0 0 0 0 
9
0 0 0 0 0 0 0 0 0 0 0 0 0 0 0 0 0 0 
9
0 0 0 0 0 0 0 0 0 0 0 0 0 0 0 0 0 0 
9
0 0 0 0 0 0 0 0 0 0 0 0 0 0 0 0 0 0 
9
0 0 0 0 0 0 0 0 0 0 0 0 0 0 0 0 0 0 
9
0 0 0 0 0 0 0 0 0 0 0 0 0 0 0 0 0 0 
9
0 0 0 0 0 0 0 0 0 0 0 0 0 0 0 0 0 0 
9
0 0 0 0 0 0 0 0 0 0 0 0 0 0 0 0 0 0 
9
3.39571888510775 13 0 0 1.09764382850491 1 0 0 1.03749349857966 1 0 0 0 0 0 0 0 0 
9
2.37182827445385 6 0.920652895648058 1 0 0 0 0 0 0 0 0 0.866112120117528 1 0 0 0 0 
9
0 0 0 0 0 0 0 0 0 0 0 0 0 0 0 0 0 0 
9
0 0 0 0 0 0 0 0 0 0 0 0 0 0 0 0 0 0 
9
0 0 0 0 0 0 0 0 0 0 0 0 0 0 0 0 0 0 
9
0 0 0 0 0 0 0 0 0 0 0 0 0 0 0 0 0 0 
9
0 0 0 0 0 0 0 0 0 0 0 0 0 0 0 0 0 0 
9
0 0 0 0 0 0 0 0 0 0 0 0 0 0 0 0 0 0 
9
0 0 0 0 0 0 0 0 0 0 0 0 0 0 0 0 0 0 
9
0 0 0 0 0 0 0 0 0 0 0 0 0 0 0 0 0 0 
9
0 0 0 0 0 0 0 0 0 0 0 0 0 0 0 0 0 0 
9
0 0 0 0 0 0 0 0 0 0 0 0 0 0 0 0 0 0 
9
0 0 0 0 0 0 0 0 0 0 0 0 0 0 0 0 0 0 
9
0 0 0 0 0 0 0 0 0 0 0 0 0 0 0 0 0 0 
9
0 0 0 0 0 0 0 0 0 0 0 0 0 0 0 0 0 0 
9
0 0 0 0 0 0 0 0 0 0 0 0 0 0 0 0 0 0 
9
0 0 0 0 0 0 0 0 0 0 0 0 0 0 0 0 0 0 
9
0 0 0 0 0 0 0 0 0 0 0 0 0 0 0 0 0 0 
9
0 0 0 0 0 0 0 0 0 0 0 0 0 0 0 0 0 0 
9
0 0 0 0 0 0 0 0 0 0 0 0 0 0 0 0 0 0 
9
0.705442749413277 1 0 0 0 0 0 0 0 0 0 0 0 0 0 0 0 0 
9
2.44992022491682 10 1.07404954634438 2 0.790351560242012 1 0 0 0.862318456485488 2 0.638729225131309 1 0 0 0.858203680481297 1 0 0 
9
0.569559942105074 1 0 0 0 0 0 0 0 0 0.458083804014125 1 0 0 0 0 0 0 
9
0 0 0 0 0 0 0 0 0 0 0 0 0 0 0 0 0 0 
9
0 0 0 0 0 0 0 0 0 0 0 0 0 0 0 0 0 0 
9
0 0 0 0 0 0 0 0 0 0 0 0 0 0 0 0 0 0 
9
0 0 0 0 0 0 0 0 0 0 0 0 0 0 0 0 0 0 
9
0 0 0 0 0 0 0 0 0 0 0 0 0 0 0 0 0 0 
9
0 0 0 0 0 0 0 0 0 0 0 0 0 0 0 0 0 0 
9
0 0 0 0 0 0 0 0 0 0 0 0 0 0 0 0 0 0 
9
0 0 0 0 0 0 0 0 0 0 0 0 0 0 0 0 0 0 
9
0 0 0 0 0 0 0 0 0 0 0 0 0 0 0 0 0 0 
9
0 0 0 0 0 0 0 0 0 0 0 0 0 0 0 0 0 0 
9
0 0 0 0 0 0 0 0 0 0 0 0 0 0 0 0 0 0 
9
0 0 0 0 0 0 0 0 0 0 0 0 0 0 0 0 0 0 
9
0 0 0 0 0 0 0 0 0 0 0 0 0 0 0 0 0 0 
9
0 0 0 0 0 0 0 0 0 0 0 0 0 0 0 0 0 0 
9
0 0 0 0 0 0 0 0 0 0 0 0 0 0 0 0 0 0 
9
0 0 0 0 0 0 0 0 0 0 0 0 0 0 0 0 0 0 
9
0 0 0 0 0 0 0 0 0 0 0 0 0 0 0 0 0 0 
9
0 0 0 0 0 0 0 0 0 0 0 0 0 0 0 0 0 0 
9
1.72070065162206 9 0 0 0 0 0.410775850509946 1 0.427123234962766 1 0.627197586032188 1 0.603544488762449 1 0 0 0 0 
9
1.41508633837872 8 0.568827383248426 2 0.71639343137199 2 0 0 0 0 0.558303747990389 1 0 0 0 0 0 0 
9
0 0 0 0 0 0 0 0 0 0 0 0 0 0 0 0 0 0 
9
0 0 0 0 0 0 0 0 0 0 0 0 0 0 0 0 0 0 
9
0 0 0 0 0 0 0 0 0 0 0 0 0 0 0 0 0 0 
9
0 0 0 0 0 0 0 0 0 0 0 0 0 0 0 0 0 0 
9
0 0 0 0 0 0 0 0 0 0 0 0 0 0 0 0 0 0 
9
0 0 0 0 0 0 0 0 0 0 0 0 0 0 0 0 0 0 
9
0 0 0 0 0 0 0 0 0 0 0 0 0 0 0 0 0 0 
9
0 0 0 0 0 0 0 0 0 0 0 0 0 0 0 0 0 0 
9
0 0 0 0 0 0 0 0 0 0 0 0 0 0 0 0 0 0 
9
0 0 0 0 0 0 0 0 0 0 0 0 0 0 0 0 0 0 
9
0 0 0 0 0 0 0 0 0 0 0 0 0 0 0 0 0 0 
9
0 0 0 0 0 0 0 0 0 0 0 0 0 0 0 0 0 0 
9
0 0 0 0 0 0 0 0 0 0 0 0 0 0 0 0 0 0 
9
0 0 0 0 0 0 0 0 0 0 0 0 0 0 0 0 0 0 
9
0 0 0 0 0 0 0 0 0 0 0 0 0 0 0 0 0 0 
9
0 0 0 0 0 0 0 0 0 0 0 0 0 0 0 0 0 0 
9
0 0 0 0 0 0 0 0 0 0 0 0 0 0 0 0 0 0 
9
0 0 0 0 0 0 0 0 0 0 0 0 0 0 0 0 0 0 
9
0 0 0 0 0 0 0 0 0 0 0 0 0 0 0 0 0 0 
9
0.666439008683824 10 0 0 0.278766696448753 1 0 0 0 0 0 0 0 0 0 0 0 0 
9
0 0 0 0 0 0 0 0 0 0 0 0 0 0 0 0 0 0 
9
0 0 0 0 0 0 0 0 0 0 0 0 0 0 0 0 0 0 
9
0 0 0 0 0 0 0 0 0 0 0 0 0 0 0 0 0 0 
9
0 0 0 0 0 0 0 0 0 0 0 0 0 0 0 0 0 0 
9
0 0 0 0 0 0 0 0 0 0 0 0 0 0 0 0 0 0 
9
0 0 0 0 0 0 0 0 0 0 0 0 0 0 0 0 0 0 
9
0 0 0 0 0 0 0 0 0 0 0 0 0 0 0 0 0 0 
9
0 0 0 0 0 0 0 0 0 0 0 0 0 0 0 0 0 0 
9
0 0 0 0 0 0 0 0 0 0 0 0 0 0 0 0 0 0 
9
0 0 0 0 0 0 0 0 0 0 0 0 0 0 0 0 0 0 
9
0 0 0 0 0 0 0 0 0 0 0 0 0 0 0 0 0 0 
9
0 0 0 0 0 0 0 0 0 0 0 0 0 0 0 0 0 0 
9
0 0 0 0 0 0 0 0 0 0 0 0 0 0 0 0 0 0 
9
0 0 0 0 0 0 0 0 0 0 0 0 0 0 0 0 0 0 
9
0 0 0 0 0 0 0 0 0 0 0 0 0 0 0 0 0 0 
9
0 0 0 0 0 0 0 0 0 0 0 0 0 0 0 0 0 0 
9
0 0 0 0 0 0 0 0 0 0 0 0 0 0 0 0 0 0 
9
0 0 0 0 0 0 0 0 0 0 0 0 0 0 0 0 0 0 
9
0 0 0 0 0 0 0 0 0 0 0 0 0 0 0 0 0 0 
9
-0.129390728330925 3 0 0 0 0 0 0 0 0 0 0 0 0 0 0 0 0 
9
-0.719142188294823 12 -0.887301724299116 113 -0.574554158597391 6 -0.682770077829392 8 -0.74135829312898 10 -0.683307768179243 14 -0.604095141335554 7 -0.660730261485769 8 -0.735305417094406 11 
9
-0.542653149111865 12 -0.164975416660309 1 -0.232023107777607 1 -0.352548900604248 3 -0.163811573982239 1 0 0 -0.162126874923706 1 -0.167483496665955 1 0 0 
9
0 0 0 0 0 0 0 0 0 0 0 0 0 0 0 0 0 0 
9
0 0 0 0 0 0 0 0 0 0 0 0 0 0 0 0 0 0 
9
0 0 0 0 0 0 0 0 0 0 0 0 0 0 0 0 0 0 
9
0 0 0 0 0 0 0 0 0 0 0 0 0 0 0 0 0 0 
9
0 0 0 0 0 0 0 0 0 0 0 0 0 0 0 0 0 0 
9
0 0 0 0 0 0 0 0 0 0 0 0 0 0 0 0 0 0 
9
0 0 0 0 0 0 0 0 0 0 0 0 0 0 0 0 0 0 
9
0 0 0 0 0 0 0 0 0 0 0 0 0 0 0 0 0 0 
9
0 0 0 0 0 0 0 0 0 0 0 0 0 0 0 0 0 0 
9
0 0 0 0 0 0 0 0 0 0 0 0 0 0 0 0 0 0 
9
0 0 0 0 0 0 0 0 0 0 0 0 0 0 0 0 0 0 
9
0 0 0 0 0 0 0 0 0 0 0 0 0 0 0 0 0 0 
9
0 0 0 0 0 0 0 0 0 0 0 0 0 0 0 0 0 0 
9
0 0 0 0 0 0 0 0 0 0 0 0 0 0 0 0 0 0 
9
0 0 0 0 0 0 0 0 0 0 0 0 0 0 0 0 0 0 
9
0 0 0 0 0 0 0 0 0 0 0 0 0 0 0 0 0 0 
9
0 0 0 0 0 0 0 0 0 0 0 0 0 0 0 0 0 0 
9
0 0 -0.181974130154103 1 0 0 0 0 0 0 0 0 0 0 0 0 0 0 
9
-0.937097849151845 160 -0.917042643275689 37 -0.9018903472957 25 -0.93044999624609 177 -0.898506796091269 32 -0.909590912092191 26 -0.908870020247082 33 -0.817584393991968 29 -0.878742279746315 27 
9
0 0 0 0 0 0 0 0 0 0 0 0 0 0 0 0 0 0 
9
0 0 0 0 0 0 0 0 0 0 0 0 0 0 0 0 0 0 
9
0 0 0 0 0 0 0 0 0 0 0 0 0 0 0 0 0 0 
9
0 0 0 0 0 0 0 0 0 0 0 0 0 0 0 0 0 0 
9
0 0 0 0 0 0 0 0 0 0 0 0 0 0 0 0 0 0 
9
0 0 0 0 0 0 0 0 0 0 0 0 0 0 0 0 0 0 
9
0 0 0 0 0 0 0 0 0 0 0 0 0 0 0 0 0 0 
9
0 0 0 0 0 0 0 0 0 0 0 0 0 0 0 0 0 0 
9
0 0 0 0 0 0 0 0 0 0 0 0 0 0 0 0 0 0 
9
0 0 0 0 0 0 0 0 0 0 0 0 0 0 0 0 0 0 
9
0 0 0 0 0 0 0 0 0 0 0 0 0 0 0 0 0 0 
9
0 0 0 0 0 0 0 0 0 0 0 0 0 0 0 0 0 0 
9
0 0 0 0 0 0 0 0 0 0 0 0 0 0 0 0 0 0 
9
0 0 0 0 0 0 0 0 0 0 0 0 0 0 0 0 0 0 
9
0 0 0 0 0 0 0 0 0 0 0 0 0 0 0 0 0 0 
9
0 0 0 0 0 0 0 0 0 0 0 0 0 0 0 0 0 0 
9
0 0 0 0 0 0 0 0 0 0 0 0 0 0 0 0 0 0 
9
0 0 0 0 0 0 0 0 0 0 0 0 0 0 0 0 0 0 
9
0 0 0 0 0 0 0 0 0 0 0 0 0 0 0 0 0 0 
9
0 0 0 0 0 0 0 0 0 0 0 0 0 0 0 0 0 0 
9
0 0 0 0 0 0 0 0 0 0 0 0 0 0 0 0 0 0 
9
0 0 0 0 0 0 0 0 0 0 0 0 0 0 0 0 0 0 
9
0 0 0 0 0 0 0 0 0 0 0 0 0 0 0 0 0 0 
9
0 0 0 0 0 0 0 0 0 0 0 0 0 0 0 0 0 0 
9
0 0 0 0 0 0 0 0 0 0 0 0 0 0 0 0 0 0 
9
0 0 0 0 0 0 0 0 0 0 0 0 0 0 0 0 0 0 
9
0 0 0 0 0 0 0 0 0 0 0 0 0 0 0 0 0 0 
9
0 0 0 0 0 0 0 0 0 0 0 0 0 0 0 0 0 0 
9
0 0 0 0 0 0 0 0 0 0 0 0 0 0 0 0 0 0 
9
0 0 0 0 0 0 0 0 0 0 0 0 0 0 0 0 0 0 
9
0 0 0 0 0 0 0 0 0 0 0 0 0 0 0 0 0 0 
9
0 0 0 0 0 0 0 0 0 0 0 0 0 0 0 0 0 0 
9
0 0 0 0 0 0 0 0 0 0 0 0 0 0 0 0 0 0 
9
0 0 0 0 0 0 0 0 0 0 0 0 0 0 0 0 0 0 
9
0 0 0 0 0 0 0 0 0 0 0 0 0 0 0 0 0 0 
9
0 0 0 0 0 0 0 0 0 0 0 0 0 0 0 0 0 0 
9
0 0 0 0 0 0 0 0 0 0 0 0 0 0 0 0 0 0 
9
0 0 0 0 0 0 0 0 0 0 0 0 0 0 0 0 0 0 
9
0 0 0 0 0 0 0 0 0 0 0 0 0 0 0 0 0 0 
9
0 0 0 0 0 0 0 0 0 0 0 0 0 0 0 0 0 0 
9
0 0 0 0 0 0 0 0 0 0 0 0 0 0 0 0 0 0 
9
0 0 0 0 0 0 0 0 0 0 0 0 0 0 0 0 0 0 
9
0 0 0 0 0 0 0 0 0 0 0 0 0 0 0 0 0 0 
9
0 0 0 0 0 0 0 0 0 0 0 0 0 0 0 0 0 0 
9
0 0 0 0 0 0 0 0 0 0 0 0 0 0 0 0 0 0 
9
0 0 0 0 0 0 0 0 0 0 0 0 0 0 0 0 0 0 
9
0 0 0 0 0 0 0 0 0 0 0 0 0 0 0 0 0 0 
9
0 0 0 0 0 0 0 0 0 0 0 0 0 0 0 0 0 0 
9
0 0 0 0 0 0 0 0 0 0 0 0 0 0 0 0 0 0 
9
0 0 0 0 0 0 0 0 0 0 0 0 0 0 0 0 0 0 
9
0 0 0 0 0 0 0 0 0 0 0 0 0 0 0 0 0 0 
9
0 0 0 0 0 0 0 0 0 0 0 0 0 0 0 0 0 0 
9
0 0 0 0 0 0 0 0 0 0 0 0 0 0 0 0 0 0 
9
0 0 0 0 0 0 0 0 0 0 0 0 0 0 0 0 0 0 
9
0 0 0 0 0 0 0 0 0 0 0 0 0 0 0 0 0 0 
9
0 0 0 0 0 0 0 0 0 0 0 0 0 0 0 0 0 0 
9
0 0 0 0 0 0 0 0 0 0 0 0 0 0 0 0 0 0 
9
0 0 0 0 0 0 0 0 0 0 0 0 0 0 0 0 0 0 
9
0 0 0 0 0 0 0 0 0 0 0 0 0 0 0 0 0 0 
9
0 0 0 0 0 0 0 0 0 0 0 0 0 0 0 0 0 0 
9
0 0 0 0 0 0 0 0 0 0 0 0 0 0 0 0 0 0 
9
0 0 0 0 0 0 0 0 0 0 0 0 0 0 0 0 0 0 
9
0 0 0 0 0 0 0 0 0 0 0 0 0 0 0 0 0 0 
9
0 0 0 0 0 0 0 0 0 0 0 0 0 0 0 0 0 0 
9
0 0 0 0 0 0 0 0 0 0 0 0 0 0 0 0 0 0 
9
0 0 0 0 0 0 0 0 0 0 0 0 0 0 0 0 0 0 
9
0 0 0 0 0 0 0 0 0 0 0 0 0 0 0 0 0 0 
9
0 0 0 0 0 0 0 0 0 0 0 0 0 0 0 0 0 0 
9
0 0 0 0 0 0 0 0 0 0 0 0 0 0 0 0 0 0 
9
0 0 0 0 0 0 0 0 0 0 0 0 0 0 0 0 0 0 
9
0 0 0 0 0 0 0 0 0 0 0 0 0 0 0 0 0 0 
9
0 0 0 0 0 0 0 0 0 0 0 0 0 0 0 0 0 0 
9
0 0 0 0 0 0 0 0 0 0 0 0 0 0 0 0 0 0 
9
0 0 0 0 0 0 0 0 0 0 0 0 0 0 0 0 0 0 
9
0 0 0 0 0 0 0 0 0 0 0 0 0 0 0 0 0 0 
9
0 0 0 0 0 0 0 0 0 0 0 0 0 0 0 0 0 0 
9
0 0 0 0 0 0 0 0 0 0 0 0 0 0 0 0 0 0 
9
0 0 0 0 0 0 0 0 0 0 0 0 0 0 0 0 0 0 
9
0 0 0 0 0 0 0 0 0 0 0 0 0 0 0 0 0 0 
9
0 0 0 0 0 0 0 0 0 0 0 0 0 0 0 0 0 0 
9
0 0 0 0 0 0 0 0 0 0 0 0 0 0 0 0 0 0 
9
0 0 0 0 0 0 0 0 0 0 0 0 0 0 0 0 0 0 
9
0 0 0 0 0 0 0 0 0 0 0 0 0 0 0 0 0 0 
9
0 0 0 0 0 0 0 0 0 0 0 0 0 0 0 0 0 0 
9
0 0 0 0 0 0 0 0 0 0 0 0 0 0 0 0 0 0 
9
0 0 0 0 0 0 0 0 0 0 0 0 0 0 0 0 0 0 
9
0 0 0 0 0 0 0 0 0 0 0 0 0 0 0 0 0 0 
9
0 0 0 0 0 0 0 0 0 0 0 0 0 0 0 0 0 0 
9
0 0 0 0 0 0 0 0 0 0 0 0 0 0 0 0 0 0 
9
0 0 0 0 0 0 0 0 0 0 0 0 0 0 0 0 0 0 
9
0 0 0 0 0 0 0 0 0 0 0 0 0 0 0 0 0 0 
9
0 0 0 0 0 0 0 0 0 0 0 0 0 0 0 0 0 0 
9
0 0 0 0 0 0 0 0 0 0 0 0 0 0 0 0 0 0 
9
0 0 0 0 0 0 0 0 0 0 0 0 0 0 0 0 0 0 
9
0 0 0 0 0 0 0 0 0 0 0 0 0 0 0 0 0 0 
9
0 0 0 0 0 0 0 0 0 0 0 0 0 0 0 0 0 0 
9
0 0 0 0 0 0 0 0 0 0 0 0 0 0 0 0 0 0 
9
0 0 0 0 0 0 0 0 0 0 0 0 0 0 0 0 0 0 
9
0 0 0 0 0 0 0 0 0 0 0 0 0 0 0 0 0 0 
9
0 0 0 0 0 0 0 0 0 0 0 0 0 0 0 0 0 0 
9
0 0 0 0 0 0 0 0 0 0 0 0 0 0 0 0 0 0 
9
0 0 0 0 0 0 0 0 0 0 0 0 0 0 0 0 0 0 
9
0 0 0 0 0 0 0 0 0 0 0 0 0 0 0 0 0 0 
9
0 0 0 0 0 0 0 0 0 0 0 0 0 0 0 0 0 0 
9
0 0 0 0 0 0 0 0 0 0 0 0 0 0 0 0 0 0 
9
0 0 0 0 0 0 0 0 0 0 0 0 0 0 0 0 0 0 
9
0 0 0 0 0 0 0 0 0 0 0 0 0 0 0 0 0 0 
9
0 0 0 0 0 0 0 0 0 0 0 0 0 0 0 0 0 0 
9
0 0 0 0 0 0 0 0 0 0 0 0 0 0 0 0 0 0 
9
0 0 0 0 0 0 0 0 0 0 0 0 0 0 0 0 0 0 
9
0 0 0 0 0 0 0 0 0 0 0 0 0 0 0 0 0 0 
9
0 0 0 0 0 0 0 0 0 0 0 0 0 0 0 0 0 0 
9
0 0 0 0 0 0 0 0 0 0 0 0 0 0 0 0 0 0 
9
0 0 0 0 0 0 0 0 0 0 0 0 0 0 0 0 0 0 
9
0 0 0 0 0 0 0 0 0 0 0 0 0 0 0 0 0 0 
9
0 0 0 0 0 0 0 0 0 0 0 0 0 0 0 0 0 0 
9
0 0 0 0 0 0 0 0 0 0 0 0 0 0 0 0 0 0 
9
0 0 0 0 0 0 0 0 0 0 0 0 0 0 0 0 0 0 
9
0 0 0 0 0 0 0 0 0 0 0 0 0 0 0 0 0 0 
9
0 0 0 0 0 0 0 0 0 0 0 0 0 0 0 0 0 0 
9
0 0 0 0 0 0 0 0 0 0 0 0 0 0 0 0 0 0 
9
0 0 0 0 0 0 0 0 0 0 0 0 0 0 0 0 0 0 
9
0 0 0 0 0 0 0 0 0 0 0 0 0 0 0 0 0 0 
9
0 0 0 0 0 0 0 0 0 0 0 0 0 0 0 0 0 0 
9
0 0 0 0 0 0 0 0 0 0 0 0 0 0 0 0 0 0 
9
0 0 0 0 0 0 0 0 0 0 0 0 0 0 0 0 0 0 
9
0 0 0 0 0 0 0 0 0 0 0 0 0 0 0 0 0 0 
9
0 0 0 0 0 0 0 0 0 0 0 0 0 0 0 0 0 0 
9
0 0 0 0 0 0 0 0 0 0 0 0 0 0 0 0 0 0 
9
0 0 0 0 0 0 0 0 0 0 0 0 0 0 0 0 0 0 
9
0 0 0 0 0 0 0 0 0 0 0 0 0 0 0 0 0 0 
9
0 0 0 0 0 0 0 0 0 0 0 0 0 0 0 0 0 0 
9
0 0 0 0 0 0 0 0 0 0 0 0 0 0 0 0 0 0 
9
0.508752160456298 1 0 0 0 0 0 0 0 0 0 0 0 0 0 0 0 0 
9
0 0 0 0 0 0 0 0 0 0 0 0 0 0 0 0 0 0 
9
0 0 0 0 0 0 0 0 0 0 0 0 0 0 0 0 0 0 
9
0 0 0 0 0 0 0 0 0 0 0 0 0 0 0 0 0 0 
9
0 0 0 0 0 0 0 0 0 0 0 0 0 0 0 0 0 0 
9
0 0 0 0 0 0 0 0 0 0 0 0 0 0 0 0 0 0 
9
0 0 0 0 0 0 0 0 0 0 0 0 0 0 0 0 0 0 
9
0 0 0 0 0 0 0 0 0 0 0 0 0 0 0 0 0 0 
9
0 0 0 0 0 0 0 0 0 0 0 0 0 0 0 0 0 0 
9
0 0 0 0 0 0 0 0 0 0 0 0 0 0 0 0 0 0 
9
0 0 0 0 0 0 0 0 0 0 0 0 0 0 0 0 0 0 
9
0 0 0 0 0 0 0 0 0 0 0 0 0 0 0 0 0 0 
9
0 0 0 0 0 0 0 0 0 0 0 0 0 0 0 0 0 0 
9
0 0 0 0 0 0 0 0 0 0 0 0 0 0 0 0 0 0 
9
0 0 0 0 0 0 0 0 0 0 0 0 0 0 0 0 0 0 
9
0 0 0 0 0 0 0 0 0 0 0 0 0 0 0 0 0 0 
9
0 0 0 0 0 0 0 0 0 0 0 0 0 0 0 0 0 0 
9
0 0 0 0 0 0 0 0 0 0 0 0 0 0 0 0 0 0 
