4096
3
203.31167375805 203.280571591764 203.259467894722 
3
203.684459852831 203.536221980719 203.596464121596 
3
134.489795413794 178.025691918807 205.302890535164 
3
0 0 0 
3
0 0 0 
3
0 0 0 
3
0 0 0 
3
0 0 0 
3
0 0 0 
3
0 0 0 
3
0 0 0 
3
0 0 0 
3
0 0 0 
3
0 0 0 
3
0 0 0 
3
0 0 0 
3
1.3927983332916 1.38982343524012 1.38978724764049 
3
0 0 0 
3
0 0 0 
3
0 0 0 
3
0 0 0 
3
0 0 0 
3
0 0 0 
3
0 0 0 
3
0 0 0 
3
0 0 0 
3
0 0 0 
3
0 0 0 
3
0 0 0 
3
0 0 0 
3
0 0 0 
3
0 0 0 
3
0 0 0 
3
0 0 0 
3
0 0 0 
3
0 0 0 
3
0 0 0 
3
0 0 0 
3
0 0 0 
3
0 0 0 
3
0 0 0 
3
0 0 0 
3
0 0 0 
3
0 0 0 
3
0 0 0 
3
0 0 0 
3
0 0 0 
3
0 0 0 
3
0 0 0 
3
0 0 0 
3
0 0 0 
3
0 0 0 
3
0 0 0 
3
0 0 0 
3
0 0 0 
3
0 0 0 
3
0 0 0 
3
0 0 0 
3
0 0 0 
3
0 0 0 
3
0 0 0 
3
0 0 0 
3
0 0 0 
3
0 0 0 
3
0 0 0 
3
204.018236060833 203.945349908645 204.099683681859 
3
203.857361382361 204.338945200248 204.272278528378 
3
206.401384160354 198.60165908725 189.220546644671 
3
0 0 0 
3
0 0 0 
3
0 0 0 
3
0 0 0 
3
0 0 0 
3
0 0 0 
3
0 0 0 
3
0 0 0 
3
0 0 0 
3
0 0 0 
3
0 0 0 
3
0 0 0 
3
0 0 0 
3
0 0 0 
3
0 0 0 
3
0 0 0 
3
0 0 0 
3
0 0 0 
3
0 0 0 
3
0 0 0 
3
0 0 0 
3
0 0 0 
3
0 0 0 
3
0 0 0 
3
0 0 0 
3
0 0 0 
3
0 0 0 
3
0 0 0 
3
0 0 0 
3
0 0 0 
3
0 0 0 
3
0 0 0 
3
0 0 0 
3
0 0 0 
3
0 0 0 
3
0 0 0 
3
0 0 0 
3
0 0 0 
3
0 0 0 
3
0 0 0 
3
0 0 0 
3
0 0 0 
3
0 0 0 
3
0 0 0 
3
0 0 0 
3
0 0 0 
3
0 0 0 
3
0 0 0 
3
0 0 0 
3
0 0 0 
3
0 0 0 
3
0 0 0 
3
0 0 0 
3
0 0 0 
3
0 0 0 
3
0 0 0 
3
0 0 0 
3
0 0 0 
3
0 0 0 
3
0 0 0 
3
0 0 0 
3
0 0 0 
3
204.68837068598 204.550118789811 204.631337103388 
3
204.212209361344 204.643917524123 204.812725606162 
3
205.225736411288 182.362391091691 179.409054815801 
3
0 0 0 
3
0 0 0 
3
0 0 0 
3
0 0 0 
3
0 0 0 
3
0 0 0 
3
0 0 0 
3
0 0 0 
3
0 0 0 
3
0 0 0 
3
0 0 0 
3
0 0 0 
3
0 0 0 
3
0 0 0 
3
0 0 0 
3
0 0 0 
3
0 0 0 
3
0 0 0 
3
0 0 0 
3
0 0 0 
3
0 0 0 
3
0 0 0 
3
0 0 0 
3
0 0 0 
3
0 0 0 
3
0 0 0 
3
0 0 0 
3
0 0 0 
3
0 0 0 
3
0 0 0 
3
0 0 0 
3
0 0 0 
3
0 0 0 
3
0 0 0 
3
0 0 0 
3
0 0 0 
3
0 0 0 
3
0 0 0 
3
0 0 0 
3
0 0 0 
3
0 0 0 
3
0 0 0 
3
0 0 0 
3
0 0 0 
3
0 0 0 
3
0 0 0 
3
0 0 0 
3
0 0 0 
3
0 0 0 
3
0 0 0 
3
0 0 0 
3
0 0 0 
3
0 0 0 
3
0 0 0 
3
0 0 0 
3
0 0 0 
3
0 0 0 
3
0 0 0 
3
0 0 0 
3
0 0 0 
3
0 0 0 
3
196.970047522991 0 0 
3
205.137462937642 205.073703680808 205.032836838716 
3
205.259024610048 205.244128797147 205.255650793114 
3
190.726017479815 188.763711847408 205.752912347317 
3
0 0 0 
3
0 0 0 
3
0 0 0 
3
0 0 0 
3
0 0 0 
3
0 0 0 
3
0 0 0 
3
0 0 0 
3
0 0 0 
3
0 0 0 
3
0 0 0 
3
0 0 0 
3
0 0 0 
3
0 0 0 
3
0 0 0 
3
0 0 0 
3
0 0 0 
3
0 0 0 
3
0 0 0 
3
0 0 0 
3
0 0 0 
3
0 0 0 
3
0 0 0 
3
0 0 0 
3
0 0 0 
3
0 0 0 
3
0 0 0 
3
0 0 0 
3
0 0 0 
3
0 0 0 
3
0 0 0 
3
0 0 0 
3
0 0 0 
3
0 0 0 
3
0 0 0 
3
0 0 0 
3
0 0 0 
3
0 0 0 
3
0 0 0 
3
0 0 0 
3
0 0 0 
3
0 0 0 
3
0 0 0 
3
0 0 0 
3
0 0 0 
3
0 0 0 
3
0 0 0 
3
0 0 0 
3
0 0 0 
3
0 0 0 
3
0 0 0 
3
0 0 0 
3
0 0 0 
3
0 0 0 
3
0 0 0 
3
0 0 0 
3
0 0 0 
3
0 0 0 
3
0 0 0 
3
0 0 0 
3
0 0 0 
3
201.724008048989 39.6501540588115 109.44522678195 
3
205.309663748595 205.326452211795 205.663299968686 
3
205.387918947217 205.402231209259 205.53797852836 
3
193.513262715834 197.859289555942 206.912023352105 
3
0 0 0 
3
0 0 0 
3
0 0 0 
3
0 0 0 
3
0 0 0 
3
0 0 0 
3
0 0 0 
3
0 0 0 
3
0 0 0 
3
0 0 0 
3
0 0 0 
3
0 0 0 
3
0 0 0 
3
0 0 0 
3
0 0 0 
3
0 0 0 
3
0 0 0 
3
0 0 0 
3
0 0 0 
3
0 0 0 
3
0 0 0 
3
0 0 0 
3
0 0 0 
3
0 0 0 
3
0 0 0 
3
0 0 0 
3
0 0 0 
3
0 0 0 
3
0 0 0 
3
0 0 0 
3
0 0 0 
3
0 0 0 
3
0 0 0 
3
0 0 0 
3
0 0 0 
3
0 0 0 
3
0 0 0 
3
0 0 0 
3
0 0 0 
3
0 0 0 
3
0 0 0 
3
0 0 0 
3
0 0 0 
3
0 0 0 
3
0 0 0 
3
0 0 0 
3
0 0 0 
3
0 0 0 
3
0 0 0 
3
0 0 0 
3
0 0 0 
3
0 0 0 
3
0 0 0 
3
0 0 0 
3
0 0 0 
3
0 0 0 
3
0 0 0 
3
0 0 0 
3
0 0 0 
3
0 0 0 
3
0 0 0 
3
205.615008590936 103.376121838051 127.668832873759 
3
205.525910597024 205.557147009229 206.107892075294 
3
205.921943112269 205.856475040888 205.830083043899 
3
206.425546842777 193.066598425218 189.956393650153 
3
0 0 0 
3
0 0 0 
3
0 0 0 
3
0 0 0 
3
0 0 0 
3
0 0 0 
3
0 0 0 
3
0 0 0 
3
10.6543714175007 0 0 
3
0 0 0 
3
0 0 0 
3
0 0 0 
3
0 0 0 
3
0 0 0 
3
0 0 0 
3
0 0 0 
3
0 0 0 
3
0 0 0 
3
0 0 0 
3
0 0 0 
3
0 0 0 
3
0 0 0 
3
0 0 0 
3
0 0 0 
3
0 0 0 
3
0 0 0 
3
0 0 0 
3
0 0 0 
3
0 0 0 
3
0 0 0 
3
0 0 0 
3
0 0 0 
3
0 0 0 
3
0 0 0 
3
0 0 0 
3
0 0 0 
3
0 0 0 
3
0 0 0 
3
0 0 0 
3
0 0 0 
3
0 0 0 
3
0 0 0 
3
0 0 0 
3
0 0 0 
3
0 0 0 
3
0 0 0 
3
0 0 0 
3
0 0 0 
3
0 0 0 
3
0 0 0 
3
0 0 0 
3
0 0 0 
3
0 0 0 
3
0 0 0 
3
0 0 0 
3
0 0 0 
3
0 0 0 
3
0 0 0 
3
0 0 0 
3
0 0 0 
3
0 0 0 
3
206.301815364632 142.372369636353 176.092102253396 
3
206.1636500401 206.142772964261 207.171090722274 
3
206.349516374756 207.112283860635 206.392074833527 
3
188.399656665626 176.739987815399 206.955007117134 
3
0 0 0 
3
0 0 0 
3
0 0 0 
3
0 0 0 
3
0 0 0 
3
0 0 0 
3
0 0 0 
3
0 0 0 
3
0 0 0 
3
0 0 0 
3
0 0 0 
3
0 0 0 
3
0 0 0 
3
0 0 0 
3
0 0 0 
3
0 0 0 
3
0 0 0 
3
0 0 0 
3
0 0 0 
3
0 0 0 
3
0 0 0 
3
0 0 0 
3
0 0 0 
3
0 0 0 
3
0 0 0 
3
0 0 0 
3
0 0 0 
3
0 0 0 
3
0 0 0 
3
0 0 0 
3
0 0 0 
3
0 0 0 
3
0 0 0 
3
0 0 0 
3
0 0 0 
3
0 0 0 
3
0 0 0 
3
0 0 0 
3
0 0 0 
3
0 0 0 
3
0 0 0 
3
0 0 0 
3
0 0 0 
3
0 0 0 
3
0 0 0 
3
0 0 0 
3
0 0 0 
3
0 0 0 
3
0 0 0 
3
0 0 0 
3
0 0 0 
3
0 0 0 
3
0 0 0 
3
0 0 0 
3
0 0 0 
3
0 0 0 
3
0 0 0 
3
0 0 0 
3
0 0 0 
3
0 0 0 
3
0 0 0 
3
188.998390744457 207.32368742512 182.712681865953 
3
206.799697397464 206.757548321023 207.968399360374 
3
206.912048482197 206.901134698119 207.922438305248 
3
196.602558674695 206.812968882111 203.194433428091 
3
0 0 0 
3
0 0 0 
3
0 0 0 
3
0 0 0 
3
0 0 0 
3
0 0 0 
3
0.0006 0 0 
3
0 0 0 
3
0 0 0 
3
0 0 0 
3
0 0 0 
3
0 0 0 
3
0 0 0 
3
0 0 0 
3
0 0 0 
3
0 0 0 
3
0 0 0 
3
0 0 0 
3
0 0 0 
3
0 0 0 
3
0 0 0 
3
0 0 0 
3
0 0 0 
3
0 0 0 
3
0 0 0 
3
0 0 0 
3
0 0 0 
3
0 0 0 
3
0 0 0 
3
0 0 0 
3
0 0 0 
3
0 0 0 
3
0 0 0 
3
0 0 0 
3
0 0 0 
3
0 0 0 
3
0 0 0 
3
0 0 0 
3
0 0 0 
3
0 0 0 
3
0 0 0 
3
0 0 0 
3
0 0 0 
3
0 0 0 
3
0 0 0 
3
0 0 0 
3
0 0 0 
3
0 0 0 
3
0 0 0 
3
0 0 0 
3
0 0 0 
3
0 0 0 
3
0 0 0 
3
0 0 0 
3
0 0 0 
3
0 0 0 
3
0 0 0 
3
0 0 0 
3
0 0 0 
3
0 0 0 
3
0 0 0 
3
208.231992982864 202.653241591461 199.772787698605 
3
207.129627432713 207.142522935022 208.952644854075 
3
207.053325050743 207.715688218691 207.180018236866 
3
207.272680051034 201.789548683191 190.152598225075 
3
0 0 0 
3
0 0 0 
3
0 0 0 
3
0 0 0 
3
0 0 0 
3
0 0 0 
3
0 0 0 
3
0 0 0 
3
0 0 0 
3
0 0 0 
3
0 0 0 
3
0 0 0 
3
0 0 0 
3
0 0 0 
3
0 0 0 
3
0 0 0 
3
0 0 0 
3
0 0 0 
3
0 0 0 
3
0 0 0 
3
0 0 0 
3
0 0 0 
3
0 0 0 
3
0 0 0 
3
0 0 0 
3
0 0 0 
3
0 0 0 
3
0 0 0 
3
0 0 0 
3
0 0 0 
3
0 0 0 
3
0 0 0 
3
0 0 0 
3
0 0 0 
3
0 0 0 
3
0 0 0 
3
0 0 0 
3
0 0 0 
3
0 0 0 
3
0 0 0 
3
0 0 0 
3
0 0 0 
3
0 0 0 
3
0 0 0 
3
0 0 0 
3
0 0 0 
3
0 0 0 
3
0 0 0 
3
0 0 0 
3
0 0 0 
3
0 0 0 
3
0 0 0 
3
0 0 0 
3
0 0 0 
3
0 0 0 
3
0 0 0 
3
0 0 0 
3
0 0 0 
3
0 0 0 
3
0 0 0 
3
0 0 0 
3
209.918672660275 199.708168535878 202.131267207762 
3
160.462100398259 134.474955840357 211.036419422386 
3
209.795445840787 205.950603866216 207.183168887729 
3
202.338892348019 208.421041227968 194.546235652184 
3
0 0 0 
3
0 0 0 
3
0 0 0 
3
0 0 0 
3
142.80504303425 0 0 
3
0 0 0 
3
0 0 0 
3
0 0 0 
3
0 0 0 
3
0 0 0 
3
0 0 0 
3
0 0 0 
3
0 0 0 
3
0 0 0 
3
0 0 0 
3
0 0 0 
3
0 0 0 
3
0 0 0 
3
0 0 0 
3
0 0 0 
3
0 0 0 
3
0 0 0 
3
0 0 0 
3
0 0 0 
3
0 0 0 
3
0 0 0 
3
0 0 0 
3
0 0 0 
3
0 0 0 
3
0 0 0 
3
0 0 0 
3
0 0 0 
3
0 0 0 
3
0 0 0 
3
0 0 0 
3
0 0 0 
3
0 0 0 
3
0 0 0 
3
0 0 0 
3
0 0 0 
3
0 0 0 
3
0 0 0 
3
0 0 0 
3
0 0 0 
3
0 0 0 
3
0 0 0 
3
0 0 0 
3
0 0 0 
3
0 0 0 
3
0 0 0 
3
0 0 0 
3
0 0 0 
3
0 0 0 
3
0 0 0 
3
0 0 0 
3
0 0 0 
3
0 0 0 
3
0 0 0 
3
0 0 0 
3
0 0 0 
3
0 0 0 
3
201.706761982677 210.16318800921 207.53582653038 
3
208.019466130136 207.90722861647 210.491779110549 
3
210.789360953611 208.510422352136 208.401998313672 
3
205.093994723463 210.684962695046 201.088690493146 
3
0 0 0 
3
20.9638713193085 0 0 
3
0 0 0 
3
0.0006 0 0 
3
0 0 0 
3
0 0 0 
3
0 0 0 
3
0 0 0 
3
0 0 0 
3
0 0 0 
3
0 0 0 
3
0 0 0 
3
0 0 0 
3
0 0 0 
3
0 0 0 
3
0 0 0 
3
0 0 0 
3
0 0 0 
3
0 0 0 
3
0 0 0 
3
0 0 0 
3
0 0 0 
3
0 0 0 
3
0 0 0 
3
0 0 0 
3
0 0 0 
3
0 0 0 
3
0 0 0 
3
0 0 0 
3
0 0 0 
3
0 0 0 
3
0 0 0 
3
0 0 0 
3
0 0 0 
3
0 0 0 
3
0 0 0 
3
0 0 0 
3
0 0 0 
3
0 0 0 
3
0 0 0 
3
0 0 0 
3
0 0 0 
3
0 0 0 
3
0 0 0 
3
0 0 0 
3
0 0 0 
3
0 0 0 
3
0 0 0 
3
0 0 0 
3
0 0 0 
3
0 0 0 
3
0 0 0 
3
0 0 0 
3
0 0 0 
3
0 0 0 
3
0 0 0 
3
0 0 0 
3
0 0 0 
3
0 0 0 
3
0 0 0 
3
166.692933086539 0 0 
3
209.707989015874 211.300795333335 209.626377604443 
3
208.862661176535 208.841485965719 211.390189272277 
3
209.280259297352 211.585360939051 209.280921093966 
3
192.865921966334 211.251698547168 204.293878608547 
3
0 0 0 
3
0 0 0 
3
0.0006 0 0 
3
0 0 0 
3
0 0 0 
3
0 0 0 
3
0 0 0 
3
0 0 0 
3
0 0 0 
3
0 0 0 
3
0 0 0 
3
0 0 0 
3
0 0 0 
3
0 0 0 
3
0 0 0 
3
0 0 0 
3
0 0 0 
3
0 0 0 
3
0 0 0 
3
0 0 0 
3
0 0 0 
3
0 0 0 
3
0 0 0 
3
0 0 0 
3
0 0 0 
3
0 0 0 
3
0 0 0 
3
0 0 0 
3
0 0 0 
3
0 0 0 
3
0 0 0 
3
0 0 0 
3
0 0 0 
3
0 0 0 
3
0 0 0 
3
0 0 0 
3
0 0 0 
3
0 0 0 
3
0 0 0 
3
0 0 0 
3
0 0 0 
3
0 0 0 
3
0 0 0 
3
0 0 0 
3
0 0 0 
3
0 0 0 
3
0 0 0 
3
0 0 0 
3
0 0 0 
3
0 0 0 
3
0 0 0 
3
0 0 0 
3
0 0 0 
3
0 0 0 
3
0 0 0 
3
0 0 0 
3
0 0 0 
3
0 0 0 
3
0 0 0 
3
0 0 0 
3
67.1050610716676 192.87581206189 0 
3
211.780707739103 209.349932911646 210.858933027036 
3
209.488436444376 209.862687121732 211.812275767142 
3
211.820856461381 210.5926090189 210.377279804039 
3
206.666092542134 211.555527460966 174.357149335703 
3
0 0 0 
3
0 0 0 
3
0 0 0 
3
0 0 0 
3
0 0 0 
3
0 0 0 
3
0 0 0 
3
0 0 0 
3
0 0 0 
3
0 0 0 
3
0 0 0 
3
0 0 0 
3
0 0 0 
3
0 0 0 
3
0 0 0 
3
0 0 0 
3
0 0 0 
3
0 0 0 
3
0 0 0 
3
0 0 0 
3
0 0 0 
3
0 0 0 
3
0 0 0 
3
0 0 0 
3
0 0 0 
3
0 0 0 
3
0 0 0 
3
0 0 0 
3
0 0 0 
3
0 0 0 
3
0 0 0 
3
0 0 0 
3
0 0 0 
3
0 0 0 
3
0 0 0 
3
0 0 0 
3
0 0 0 
3
0 0 0 
3
0 0 0 
3
0 0 0 
3
0 0 0 
3
0 0 0 
3
0 0 0 
3
0 0 0 
3
0 0 0 
3
0 0 0 
3
0 0 0 
3
0 0 0 
3
0 0 0 
3
0 0 0 
3
0 0 0 
3
0 0 0 
3
0 0 0 
3
0 0 0 
3
0 0 0 
3
0 0 0 
3
0 0 0 
3
0 0 0 
3
0 0 0 
3
0 0 0 
3
211.913735309851 55.0845711366231 117.282360095268 
3
211.880879995364 211.57664672295 210.208576763774 
3
209.315538616975 211.317291538233 211.901222420289 
3
211.734366727637 211.719299098882 211.892285998266 
3
211.902945814831 198.094538854016 208.07659752559 
3
17.8054309472968 0 0 
3
0 0 0 
3
0 0 0 
3
0 0 0 
3
0 0 0 
3
0 0 0 
3
0 0 0 
3
0 0 0 
3
0 0 0 
3
0 0 0 
3
0 0 0 
3
0 0 0 
3
0 0 0 
3
0 0 0 
3
0 0 0 
3
0 0 0 
3
0 0 0 
3
0 0 0 
3
0 0 0 
3
0 0 0 
3
0 0 0 
3
0 0 0 
3
0 0 0 
3
0 0 0 
3
0 0 0 
3
0 0 0 
3
0 0 0 
3
0 0 0 
3
0 0 0 
3
0 0 0 
3
0 0 0 
3
0 0 0 
3
0 0 0 
3
0 0 0 
3
0 0 0 
3
0 0 0 
3
0 0 0 
3
0 0 0 
3
0 0 0 
3
0 0 0 
3
0 0 0 
3
0 0 0 
3
0 0 0 
3
0 0 0 
3
0 0 0 
3
0 0 0 
3
0 0 0 
3
0 0 0 
3
0 0 0 
3
0 0 0 
3
0 0 0 
3
0 0 0 
3
0 0 0 
3
0 0 0 
3
0 0 0 
3
0 0 0 
3
0 0 0 
3
0 0 0 
3
0 0 0 
3
0 0 0 
3
212.104022128508 151.280448211382 154.809072521662 
3
211.861028424411 211.166305505206 211.886361543104 
3
211.416891291828 211.570223943761 211.883817852252 
3
211.880172602532 211.709578548702 211.866963494324 
3
211.962638886437 209.212602412056 211.817458604075 
3
0 0 0 
3
0 0 0 
3
0 0 0 
3
0 0 0 
3
0 0 0 
3
0 0 0 
3
0 0 0 
3
0 0 0 
3
0 0 0 
3
0 0 0 
3
0 0 0 
3
0 0 0 
3
0 0 0 
3
0 0 0 
3
0 0 0 
3
0 0 0 
3
0 0 0 
3
0 0 0 
3
0 0 0 
3
0 0 0 
3
0 0 0 
3
0 0 0 
3
0 0 0 
3
0 0 0 
3
0 0 0 
3
0 0 0 
3
0 0 0 
3
0 0 0 
3
0 0 0 
3
0 0 0 
3
0 0 0 
3
0 0 0 
3
0 0 0 
3
0 0 0 
3
0 0 0 
3
0 0 0 
3
0 0 0 
3
0 0 0 
3
0 0 0 
3
0 0 0 
3
0 0 0 
3
0 0 0 
3
0 0 0 
3
0 0 0 
3
0 0 0 
3
0 0 0 
3
0 0 0 
3
0 0 0 
3
0 0 0 
3
0 0 0 
3
0 0 0 
3
0 0 0 
3
0 0 0 
3
0 0 0 
3
0 0 0 
3
0 0 0 
3
0 0 0 
3
0 0 0 
3
0 0 0 
3
0 0 0 
3
211.982053237008 141.755610915758 173.978065391726 
3
211.729311924457 211.805552562775 211.829126639853 
3
211.804226344608 211.607810130234 211.591753051113 
3
211.781497756355 211.756938306595 211.869810242114 
3
210.867444872592 202.224243097631 211.772833008544 
3
0 0 0 
3
0 0 0 
3
0 0 0 
3
0 0 0 
3
0 0 0 
3
0 0 0 
3
0 0 0 
3
0 0 0 
3
0 0 0 
3
0 0 0 
3
0 0 0 
3
0 0 0 
3
0 0 0 
3
0 0 0 
3
-8.12363837402851 -8.12885153653949 -8.13520206261705 
3
-8.68195219313759 -9.70665739427021 -8.13355699295328 
3
0 0 0 
3
0 0 0 
3
0 0 0 
3
0 0 0 
3
0 0 0 
3
0 0 0 
3
0 0 0 
3
0 0 0 
3
0 0 0 
3
0 0 0 
3
0 0 0 
3
0 0 0 
3
0 0 0 
3
0 0 0 
3
0 0 0 
3
0 0 0 
3
0 0 0 
3
0 0 0 
3
0 0 0 
3
0 0 0 
3
0 0 0 
3
0 0 0 
3
0 0 0 
3
0 0 0 
3
0 0 0 
3
0 0 0 
3
0 0 0 
3
0 0 0 
3
0.201223682239005 0.283274203772953 0 
3
-9.98137729891986 -8.20925234666922 -11.2675982897119 
3
176.55688956297 211.409075885409 209.501138996807 
3
0 0 0 
3
0 0 0 
3
0 0 0 
3
0 0 0 
3
0 115.679956692981 0 
3
0 0 0 
3
17.7920851344593 0 0 
3
0 0 0 
3
199.683264284029 0 0 
3
127.350879938667 0 0 
3
108.456008693815 0 0 
3
0 0 0 
3
0 0 0 
3
203.806757411036 198.987789966135 211.575986844199 
3
211.537715254577 211.670851316222 211.477840418279 
3
211.76275059981 211.290569604681 211.204878061285 
3
211.453018632291 211.760183413543 211.478276491366 
3
192.738583127703 203.246174961599 211.457109653867 
3
0 0 0 
3
127.376297292181 0 0 
3
198.522039739636 0 0 
3
0 0 0 
3
0 0 0 
3
127.383408405468 0 0 
3
0 0 0 
3
0 0 0 
3
0 0 0 
3
0 0 0 
3
0 0 0 
3
0 0 0 
3
0 0 0 
3
212.391301761573 212.209989300715 212.054092152077 
3
211.701055397269 211.669483857545 211.958906220072 
3
29.1873635960948 175.957775371493 0 
3
0 0 0 
3
0 0 0 
3
0 0 0 
3
0 0 0 
3
0 0 0 
3
0 0 0 
3
0 0 0 
3
0 0 0 
3
0 0 0 
3
0 0 0 
3
0 0 0 
3
0 0 0 
3
0 0 0 
3
0 0 0 
3
0 0 0 
3
0 0 0 
3
0 0 0 
3
0 0 0 
3
0 0 0 
3
0 0 0 
3
0 0 0 
3
0 0 0 
3
0 0 0 
3
0 0 0 
3
0 0 0 
3
0 0 0 
3
0 0 0 
3
210.401217422736 210.572663029417 213.48812578264 
3
212.329449650207 213.119373571314 212.976921043671 
3
0 0 0 
3
0 0 0 
3
0 0 0 
3
0 0 0 
3
0 0 0 
3
0 0 0 
3
0 0 0 
3
0 0 0 
3
0 0 0 
3
0 0 0 
3
0 0 0 
3
0 0 0 
3
0 0 0 
3
0 0 0 
3
0 0 0 
3
202.540923356624 205.819848604747 211.568620891931 
3
211.01712727715 211.489981817931 211.040622133882 
3
210.693496370309 211.760266971894 210.709754513976 
3
210.994830077797 210.791829749371 211.69295835399 
3
189.441079642671 211.527720978906 119.585772120198 
3
0 0 0 
3
17.9757142330159 0 0 
3
0 0 0 
3
0 0 0 
3
0 0 0 
3
0 0 0 
3
0 0 0 
3
0 0 0 
3
0 0 0 
3
0 0 0 
3
0 0 0 
3
0 0 0 
3
0 0 0 
3
0 0 0 
3
0 0 0 
3
0 0 0 
3
0 0 0 
3
0 0 0 
3
0 0 0 
3
0 0 0 
3
0 0 0 
3
0 0 0 
3
0 0 0 
3
0 0 0 
3
0 0 0 
3
0 0 0 
3
0 0 0 
3
0 0 0 
3
0 0 0 
3
0 0 0 
3
0 0 0 
3
0 0 0 
3
0 0 0 
3
0 0 0 
3
0 0 0 
3
0 0 0 
3
0 0 0 
3
0 0 0 
3
0 0 0 
3
0 0 0 
3
0 0 0 
3
0 0 0 
3
0 0 0 
3
0 0 0 
3
0 0 0 
3
0 0 0 
3
0 0 0 
3
0 0 0 
3
0 0 0 
3
0 0 0 
3
0 0 0 
3
0 0 0 
3
0 0 0 
3
0 0 0 
3
0 0 0 
3
0 0 0 
3
0 0 0 
3
0 0 0 
3
0 0 0 
3
0 0 0 
3
210.884346800099 210.828015300356 211.098260010577 
3
211.279316350526 210.400641488063 210.420928878114 
3
209.960230709616 211.249378146931 209.96611355415 
3
210.149043305341 210.323102459769 211.264004685586 
3
211.042034754264 160.694575382179 174.308534204436 
3
0 0 0 
3
0 0 0 
3
0 0 0 
3
0 0 0 
3
0 0 0 
3
0 0 0 
3
0 0 0 
3
0 0 0 
3
0 0 0 
3
0 0 0 
3
0 0 0 
3
0 0 0 
3
0 0 0 
3
0 0 0 
3
0 0 0 
3
0 0 0 
3
0 0 0 
3
0 0 0 
3
0 0 0 
3
0 0 0 
3
0 0 0 
3
0 0 0 
3
0 0 0 
3
0 0 0 
3
0 0 0 
3
0 0 0 
3
0 0 0 
3
0 0 0 
3
0 0 0 
3
0 0 0 
3
0 0 0 
3
0 0 0 
3
0 0 0 
3
0 0 0 
3
0 0 0 
3
0 0 0 
3
0 0 0 
3
0 0 0 
3
0 0 0 
3
0 0 0 
3
0 0 0 
3
0 0 0 
3
0 0 0 
3
0 0 0 
3
0 0 0 
3
0 0 0 
3
0 0 0 
3
0 0 0 
3
0 0 0 
3
0 0 0 
3
0 0 0 
3
0 0 0 
3
0 0 0 
3
0 0 0 
3
0 0 0 
3
0 0 0 
3
0 0 0 
3
0 0 0 
3
0 0 0 
3
0 0 0 
3
198.986269220266 210.784755597709 209.397116328604 
3
211.050405443424 208.841604103613 209.194273753081 
3
211.211449653705 208.437835194828 208.734733735761 
3
208.86577379462 208.627644435429 211.076150603762 
3
209.193591795286 159.422959937286 141.471893705258 
3
0 0 0 
3
0 0 0 
3
0 0 0 
3
0 0 0 
3
0 0 0 
3
0 0 0 
3
0 0 0 
3
0 0 0 
3
0 0 0 
3
0 0 0 
3
0 0 0 
3
0 0 0 
3
0 0 0 
3
0 0 0 
3
0 0 0 
3
0 0 0 
3
0 0 0 
3
0 0 0 
3
0 0 0 
3
0 0 0 
3
0 0 0 
3
0 0 0 
3
0 0 0 
3
0 0 0 
3
0 0 0 
3
0 0 0 
3
0 0 0 
3
0 0 0 
3
0 0 0 
3
0 0 0 
3
0 0 0 
3
0 0 0 
3
0 0 0 
3
0 0 0 
3
0 0 0 
3
0 0 0 
3
0 0 0 
3
0 0 0 
3
0 0 0 
3
0 0 0 
3
0 0 0 
3
0 0 0 
3
0 0 0 
3
0 0 0 
3
0 0 0 
3
0 0 0 
3
0 0 0 
3
0 0 0 
3
0 0 0 
3
0 0 0 
3
0 0 0 
3
0 0 0 
3
0 0 0 
3
0 0 0 
3
0 0 0 
3
0 0 0 
3
0 0 0 
3
0 0 0 
3
0.0006 0 0 
3
0 0 0 
3
197.145477980542 210.580563666194 206.44049444545 
3
208.543103367614 210.078319732942 208.573691385948 
3
210.213262388003 208.222305093833 208.02678835865 
3
208.158443073108 210.541910550502 208.16203498112 
3
186.802672433115 0 108.232086424175 
3
0 0 0 
3
0 0 0 
3
0 0 0 
3
0 0 0 
3
0 0 0 
3
0 0 0 
3
0 0 0 
3
0 0 0 
3
0 0 0 
3
0 0 0 
3
0 0 0 
3
0 0 0 
3
0 0 0 
3
0 0 0 
3
0 0 0 
3
0 0 0 
3
0 0 0 
3
0 0 0 
3
0 0 0 
3
0 0 0 
3
0 0 0 
3
0 0 0 
3
0 0 0 
3
0 0 0 
3
0 0 0 
3
0 0 0 
3
0 0 0 
3
0 0 0 
3
0 0 0 
3
0 0 0 
3
0 0 0 
3
0 0 0 
3
0 0 0 
3
0 0 0 
3
0 0 0 
3
0 0 0 
3
0 0 0 
3
0 0 0 
3
0 0 0 
3
0 0 0 
3
0 0 0 
3
0 0 0 
3
0 0 0 
3
0 0 0 
3
0 0 0 
3
0 0 0 
3
0 0 0 
3
0 0 0 
3
0 0 0 
3
0 0 0 
3
0 0 0 
3
0 0 0 
3
0 0 0 
3
0 0 0 
3
0 0 0 
3
0 0 0 
3
0 0 0 
3
106.904682263744 0 0 
3
14.8462506986354 0 0 
3
0 0 0 
3
203.334202349164 202.456357948801 209.663284624367 
3
207.277500267345 207.697217435244 210.012867143976 
3
210.184767010978 207.562728961595 207.597845240908 
3
205.697701137073 204.964140009563 209.842427421054 
3
152.730416008078 0 0 
3
0 0 0 
3
0 0 0 
3
0 0 0 
3
0 0 0 
3
0 0 0 
3
0 0 0 
3
0 0 0 
3
0 0 0 
3
0 0 0 
3
0 0 0 
3
0 0 0 
3
0 0 0 
3
0 0 0 
3
0 0 0 
3
0 0 0 
3
0 0 0 
3
0 0 0 
3
0 0 0 
3
0 0 0 
3
0 0 0 
3
0 0 0 
3
0 0 0 
3
0 0 0 
3
0 0 0 
3
0 0 0 
3
0 0 0 
3
0 0 0 
3
0 0 0 
3
0 0 0 
3
0 0 0 
3
0 0 0 
3
0 0 0 
3
0 0 0 
3
0 0 0 
3
0 0 0 
3
0 0 0 
3
0 0 0 
3
0 0 0 
3
0 0 0 
3
0 0 0 
3
0 0 0 
3
0 0 0 
3
0 0 0 
3
0 0 0 
3
0 0 0 
3
0 0 0 
3
0 0 0 
3
0 0 0 
3
0 0 0 
3
0 0 0 
3
0 0 0 
3
0 0 0 
3
0 0 0 
3
0 0 0 
3
0 0 0 
3
0 0 0 
3
0 0 0 
3
0 0 0 
3
0 0 0 
3
14.1022052405812 0 0 
3
205.319805102617 194.6342621322 207.20003154754 
3
207.235062854003 208.622913362444 207.253658265614 
3
207.176594242631 209.519001993789 207.092350256727 
3
209.271284617273 206.659282780526 204.992608201222 
3
0 0 0 
3
0 0 0 
3
0 0 0 
3
0 0 0 
3
0 0 0 
3
0 0 0 
3
0 0 0 
3
0 0 0 
3
0 0 0 
3
0 0 0 
3
0 0 0 
3
0 0 0 
3
0 0 0 
3
0 0 0 
3
0 0 0 
3
0 0 0 
3
0 0 0 
3
0 0 0 
3
0 0 0 
3
0 0 0 
3
0 0 0 
3
0 0 0 
3
0 0 0 
3
0 0 0 
3
0 0 0 
3
0 0 0 
3
0 0 0 
3
0 0 0 
3
0 0 0 
3
0 0 0 
3
0 0 0 
3
0 0 0 
3
0 0 0 
3
0 0 0 
3
0 0 0 
3
0 0 0 
3
0 0 0 
3
0 0 0 
3
0 0 0 
3
0 0 0 
3
0 0 0 
3
0 0 0 
3
0 0 0 
3
0 0 0 
3
0 0 0 
3
0 0 0 
3
0 0 0 
3
0 0 0 
3
0 0 0 
3
0 0 0 
3
0 0 0 
3
0 0 0 
3
0 0 0 
3
0 0 0 
3
0 0 0 
3
0 0 0 
3
0 0 0 
3
0 0 0 
3
0 0 0 
3
0 0 0 
3
19.7551933793313 0 0 
3
206.777195057669 201.349140784666 192.676218661421 
3
206.952220874035 208.085203861434 206.954463994067 
3
206.971567717206 208.781837430269 206.960890590697 
3
202.69501950858 204.285580421471 208.325356169834 
3
0 0 0 
3
0 0 0 
3
0 0 0 
3
0 0 0 
3
0 0 0 
3
0 0 0 
3
0 0 0 
3
0 0 0 
3
0 0 0 
3
0 0 0 
3
0 0 0 
3
0 0 0 
3
0 0 0 
3
0 0 0 
3
0 0 0 
3
0 0 0 
3
0 0 0 
3
0 0 0 
3
0 0 0 
3
0 0 0 
3
0 0 0 
3
0 0 0 
3
0 0 0 
3
0 0 0 
3
0 0 0 
3
0 0 0 
3
0 0 0 
3
0 0 0 
3
0 0 0 
3
0 0 0 
3
0 0 0 
3
0 0 0 
3
0 0 0 
3
0 0 0 
3
0 0 0 
3
0 0 0 
3
0 0 0 
3
0 0 0 
3
0 0 0 
3
0 0 0 
3
0 0 0 
3
0 0 0 
3
0 0 0 
3
0 0 0 
3
0 0 0 
3
0 0 0 
3
0 0 0 
3
0 0 0 
3
0 0 0 
3
0 0 0 
3
0 0 0 
3
0 0 0 
3
0 0 0 
3
0 0 0 
3
0 0 0 
3
5.10939408292626 0 0 
3
0 0 0 
3
0 0 0 
3
0 0 0 
3
0 0 0 
3
0 0 0 
3
199.240693145299 173.101409071194 206.702815141706 
3
207.706054176349 206.73380403044 206.798228210761 
3
207.800257333557 206.846402216473 206.908435847893 
3
207.57162021674 198.49722882956 198.828428410664 
3
0 0 0 
3
0 0 0 
3
0 0 0 
3
0 0 0 
3
0 0 0 
3
0 0 0 
3
0 0 0 
3
0 0 0 
3
0 0 0 
3
0 0 0 
3
0 0 0 
3
0 0 0 
3
0 0 0 
3
0 0 0 
3
0 0 0 
3
0 0 0 
3
0 0 0 
3
0 0 0 
3
0 0 0 
3
0 0 0 
3
0 0 0 
3
0 0 0 
3
0 0 0 
3
0 0 0 
3
0 0 0 
3
0 0 0 
3
0 0 0 
3
0 0 0 
3
0 0 0 
3
0 0 0 
3
0 0 0 
3
0 0 0 
3
0 0 0 
3
0 0 0 
3
0 0 0 
3
0 0 0 
3
0 0 0 
3
0 0 0 
3
0 0 0 
3
0 0 0 
3
0 0 0 
3
0 0 0 
3
0 0 0 
3
0 0 0 
3
0 0 0 
3
0 0 0 
3
0 0 0 
3
0 0 0 
3
0 0 0 
3
0 0 0 
3
0 0 0 
3
0 0 0 
3
0 0 0 
3
0 0 0 
3
0 0 0 
3
0 0 0 
3
0 0 0 
3
0 0 0 
3
0 0 0 
3
0 0 0 
3
17.684060673662 0 0 
3
159.950242724855 206.878632669876 180.501115357365 
3
206.689119391731 206.74241162966 207.374691345485 
3
207.536442505122 206.688041573122 206.672387425995 
3
187.110208388559 206.97978119708 183.94748821498 
3
0 0 0 
3
0 0 0 
3
0 0 0 
3
0 0 0 
3
0 0 0 
3
0 0 0 
3
0 0 0 
3
0 0 0 
3
0 0 0 
3
0 0 0 
3
0 0 0 
3
0 0 0 
3
0 0 0 
3
0 0 0 
3
0 0 0 
3
0 0 0 
3
0 0 0 
3
0 0 0 
3
0 0 0 
3
0 0 0 
3
0 0 0 
3
0 0 0 
3
0 0 0 
3
0 0 0 
3
0 0 0 
3
0 0 0 
3
0 0 0 
3
0 0 0 
3
0 0 0 
3
0 0 0 
3
0 0 0 
3
0 0 0 
3
0 0 0 
3
0 0 0 
3
0 0 0 
3
0 0 0 
3
0 0 0 
3
0 0 0 
3
0 0 0 
3
0 0 0 
3
0 0 0 
3
0 0 0 
3
0 0 0 
3
0 0 0 
3
0 0 0 
3
0 0 0 
3
0 0 0 
3
0 0 0 
3
0 0 0 
3
0 0 0 
3
0 0 0 
3
0 0 0 
3
0 0 0 
3
0 0 0 
3
0 0 0 
3
0 0 0 
3
0 0 0 
3
0 0 0 
3
0 0 0 
3
0 0 0 
3
0 0 0 
3
206.732005439726 178.614649463862 195.201843317474 
3
206.724781296541 206.625541657441 206.627895791432 
3
206.827021230049 206.566908893392 206.573634391255 
3
206.596181698761 120.741610677231 74.1694927761719 
3
0 0 0 
3
0 0 0 
3
0 0 0 
3
0 0 0 
3
0 0 0 
3
0 0 0 
3
0 0 0 
3
0 0 0 
3
0 0 0 
3
0 0 0 
3
0 0 0 
3
0 0 0 
3
0 0 0 
3
0 0 0 
3
0 0 0 
3
0 0 0 
3
0 0 0 
3
0 0 0 
3
0 0 0 
3
0 0 0 
3
0 0 0 
3
0 0 0 
3
0 0 0 
3
0 0 0 
3
0 0 0 
3
0 0 0 
3
0 0 0 
3
0 0 0 
3
0 0 0 
3
0 0 0 
3
0 0 0 
3
0 0 0 
3
0 0 0 
3
0 0 0 
3
0 0 0 
3
0 0 0 
3
0 0 0 
3
0 0 0 
3
0 0 0 
3
0 0 0 
3
0 0 0 
3
0 0 0 
3
0 0 0 
3
0 0 0 
3
0 0 0 
3
0 0 0 
3
0 0 0 
3
0 0 0 
3
0 0 0 
3
0 0 0 
3
0 0 0 
3
0 0 0 
3
0 0 0 
3
0 0 0 
3
0 0 0 
3
0 0 0 
3
0 0 0 
3
0 0 0 
3
0 0 0 
3
12.6075845364205 0 0 
3
0 0 0 
3
207.05071312347 201.161312747373 199.653855111551 
3
206.357079706838 206.50872007628 206.423459554554 
3
206.121961490943 206.087752842105 205.97535776817 
3
82.550991008063 205.281617765855 161.011086965422 
3
0 0 0 
3
0 0 0 
3
0 0 0 
3
0 0 0 
3
0 0 0 
3
0 0 0 
3
0 0 0 
3
0 0 0 
3
0 0 0 
3
0 0 0 
3
0 0 0 
3
0 0 0 
3
0 0 0 
3
0 0 0 
3
0 0 0 
3
0 0 0 
3
0 0 0 
3
0 0 0 
3
0 0 0 
3
0 0 0 
3
0 0 0 
3
0 0 0 
3
0 0 0 
3
0 0 0 
3
0 0 0 
3
0 0 0 
3
0 0 0 
3
0 0 0 
3
0 0 0 
3
0 0 0 
3
0 0 0 
3
0 0 0 
3
0 0 0 
3
0 0 0 
3
0 0 0 
3
0 0 0 
3
0 0 0 
3
0 0 0 
3
0 0 0 
3
0 0 0 
3
0 0 0 
3
0 0 0 
3
0 0 0 
3
0 0 0 
3
0 0 0 
3
0 0 0 
3
0 0 0 
3
0 0 0 
3
0 0 0 
3
0 0 0 
3
0 0 0 
3
0 0 0 
3
12.3898250908852 0 0 
3
0 0 0 
3
0 0 0 
3
0 0 0 
3
0 0 0 
3
0 0 0 
3
0 0 0 
3
0 0 0 
3
12.4879852342643 0 0 
3
194.950341333681 206.323679381683 178.98272276655 
3
205.273442415215 205.119183679699 205.678900446363 
3
204.187575650538 204.610611109869 204.492792860658 
3
202.200246278474 0 151.770438676057 
3
0 0 0 
3
0 0 0 
3
0 0 0 
3
0 0 0 
3
0 0 0 
3
0 0 0 
3
0 0 0 
3
0 0 0 
3
0 0 0 
3
0 0 0 
3
0 0 0 
3
0 0 0 
3
0 0 0 
3
0 0 0 
3
0 0 0 
3
0 0 0 
3
0 0 0 
3
0 0 0 
3
0 0 0 
3
0 0 0 
3
0 0 0 
3
0 0 0 
3
0 0 0 
3
0 0 0 
3
0 0 0 
3
0 0 0 
3
0 0 0 
3
0 0 0 
3
0 0 0 
3
0 0 0 
3
0 0 0 
3
0 0 0 
3
0 0 0 
3
0 0 0 
3
0 0 0 
3
0 0 0 
3
0 0 0 
3
0 0 0 
3
0 0 0 
3
0 0 0 
3
0 0 0 
3
0 0 0 
3
0 0 0 
3
0 0 0 
3
0 0 0 
3
0 0 0 
3
0 0 0 
3
0 0 0 
3
0 0 0 
3
0 0 0 
3
0 0 0 
3
0 0 0 
3
0 0 0 
3
0 0 0 
3
0 0 0 
3
0 0 0 
3
0 0 0 
3
12.1748403190483 0 0 
3
0 0 0 
3
0 0 0 
3
0 0 0 
3
134.854323487771 205.386359831883 179.02430088326 
3
204.200404393958 204.053505005494 204.01151268073 
3
202.620009774635 203.688305151786 203.711726808102 
3
128.603623408836 0 0 
3
0 0 0 
3
0 0 0 
3
0 0 0 
3
0 0 0 
3
0 0 0 
3
0 0 0 
3
0 0 0 
3
0 0 0 
3
0 0 0 
3
0 0 0 
3
0 0 0 
3
0 0 0 
3
0 0 0 
3
0 0 0 
3
0 0 0 
3
0 0 0 
3
0 0 0 
3
0 0 0 
3
0 0 0 
3
0 0 0 
3
0 0 0 
3
0 0 0 
3
0 0 0 
3
0 0 0 
3
0 0 0 
3
0 0 0 
3
0 0 0 
3
0 0 0 
3
0 0 0 
3
0 0 0 
3
0 0 0 
3
0 0 0 
3
0 0 0 
3
0 0 0 
3
0 0 0 
3
0 0 0 
3
0 0 0 
3
0 0 0 
3
0 0 0 
3
0 0 0 
3
0 0 0 
3
0 0 0 
3
0 0 0 
3
0 0 0 
3
0 0 0 
3
0 0 0 
3
0 0 0 
3
0 0 0 
3
0 0 0 
3
0 0 0 
3
0 0 0 
3
0 0 0 
3
0 0 0 
3
0 0 0 
3
0 0 0 
3
0 0 0 
3
0 0 0 
3
0 0 0 
3
0 0 0 
3
0 0 0 
3
0 0 0 
3
170.35176552616 185.608324978628 204.380064527031 
3
203.598516738674 203.382493927867 203.382387712284 
3
203.563264649123 203.560958882623 203.568563543916 
3
0 0 0 
3
0 0 0 
3
0 0 0 
3
0 0 0 
3
0 0 0 
3
0 0 0 
3
0 0 0 
3
0 0 0 
3
0 0 0 
3
0 0 0 
3
0 0 0 
3
0 0 0 
3
0 0 0 
3
0 0 0 
3
0 0 0 
3
0 0 0 
3
0 0 0 
3
0 0 0 
3
0 0 0 
3
0 0 0 
3
0 0 0 
3
0 0 0 
3
0 0 0 
3
0 0 0 
3
0 0 0 
3
0 0 0 
3
0 0 0 
3
0 0 0 
3
0 0 0 
3
0 0 0 
3
0 0 0 
3
0 0 0 
3
0 0 0 
3
0 0 0 
3
0 0 0 
3
0 0 0 
3
0 0 0 
3
0 0 0 
3
0 0 0 
3
0 0 0 
3
0 0 0 
3
0 0 0 
3
0 0 0 
3
0 0 0 
3
0 0 0 
3
0 0 0 
3
0 0 0 
3
0 0 0 
3
0 0 0 
3
0 0 0 
3
0 0 0 
3
0 0 0 
3
0 0 0 
3
0 0 0 
3
0 0 0 
3
0 0 0 
3
0 0 0 
3
0 0 0 
3
0 0 0 
3
0 0 0 
3
0 0 0 
3
0 0 0 
3
177.232704313545 199.072760775735 203.352924294359 
3
203.507743777394 202.677967595845 203.014861175367 
3
203.419847301964 203.40466950829 203.22212809698 
3
0 0 0 
3
0 0 0 
3
0 0 0 
3
0 0 0 
3
0 0 0 
3
0 0 0 
3
0 0 0 
3
0 0 0 
3
0 0 0 
3
0 0 0 
3
0 0 0 
3
0 0 0 
3
0 0 0 
3
0 0 0 
3
0 0 0 
3
0 0 0 
3
0 0 0 
3
0 0 0 
3
0 0 0 
3
0 0 0 
3
0 0 0 
3
0 0 0 
3
0 0 0 
3
0 0 0 
3
0 0 0 
3
0 0 0 
3
0 0 0 
3
0 0 0 
3
0 0 0 
3
0 0 0 
3
0 0 0 
3
0 0 0 
3
0 0 0 
3
0 0 0 
3
0 0 0 
3
0 0 0 
3
0 0 0 
3
0 0 0 
3
0 0 0 
3
0 0 0 
3
0 0 0 
3
0 0 0 
3
0 0 0 
3
0 0 0 
3
0 0 0 
3
0 0 0 
3
0 0 0 
3
0 0 0 
3
212.021008309147 213.141716498196 213.063035288578 
3
0 0 0 
3
0 0 0 
3
0 0 0 
3
0 0 0 
3
12.2915132135068 0 0 
3
0 0 0 
3
0 0 0 
3
0 0 0 
3
0 0 0 
3
0 0 0 
3
0 0 0 
3
0 0 0 
3
0 0 0 
3
195.139171726136 191.133411784723 204.538372773218 
3
203.328775834848 202.91354469687 202.766939693448 
3
203.062534812549 203.151269934326 203.275755789467 
3
0 0 0 
3
0 0 0 
3
0 0 0 
3
0 0 0 
3
0 0 0 
3
0 0 0 
3
0 0 0 
3
0 0 0 
3
0 0 0 
3
0 0 0 
3
0 0 0 
3
0 0 0 
3
0 0 0 
3
0 0 0 
3
0 0 0 
3
0 0 0 
3
0 0 0 
3
0 0 0 
3
0 0 0 
3
0 0 0 
3
0 0 0 
3
0 0 0 
3
0 0 0 
3
0 0 0 
3
0 0 0 
3
0 0 0 
3
0 0 0 
3
0 0 0 
3
0 0 0 
3
0 0 0 
3
0 0 0 
3
0 0 0 
3
0 0 0 
3
0 0 0 
3
0 0 0 
3
0 0 0 
3
0 0 0 
3
0 0 0 
3
0 0 0 
3
0 0 0 
3
0 0 0 
3
0 0 0 
3
0 0 0 
3
0 0 0 
3
0 0 0 
3
0 0 0 
3
0 0 0 
3
212.323870370989 212.356301450135 212.800165871542 
3
0 0 0 
3
0 0 0 
3
0 0 0 
3
0 0 0 
3
0 0 0 
3
0 0 0 
3
0 0 0 
3
0 0 0 
3
0 0 0 
3
0 0 0 
3
0 0 0 
3
0 0 0 
3
0 0 0 
3
0 0 0 
3
0 0 0 
3
0 0 0 
3
0 0 0 
3
0 0 0 
3
0 0 0 
3
0 0 0 
3
0 0 0 
3
0 0 0 
3
0 0 0 
3
0 0 0 
3
0 0 0 
3
0 0 0 
3
0 0 0 
3
0 0 0 
3
0 0 0 
3
0 0 0 
3
0 0 0 
3
0 0 0 
3
0 0 0 
3
0 0 0 
3
0 0 0 
3
0 0 0 
3
0 0 0 
3
0 0 0 
3
0 0 0 
3
0 0 0 
3
0 0 0 
3
0 0 0 
3
0 0 0 
3
0 0 0 
3
0 0 0 
3
0 0 0 
3
0 0 0 
3
0 0 0 
3
0 0 0 
3
0 0 0 
3
0 0 0 
3
0 0 0 
3
0 0 0 
3
0 0 0 
3
0 0 0 
3
0 0 0 
3
0 0 0 
3
0 0 0 
3
0 0 0 
3
0 0 0 
3
0 0 0 
3
0 0 0 
3
0 0 0 
3
124.622892200532 0 0 
3
0 0 0 
3
0 0 0 
3
0 0 0 
3
0 0 0 
3
0 0 0 
3
0 0 0 
3
0 0 0 
3
0 0 0 
3
0 0 0 
3
0 0 0 
3
0 0 0 
3
0 0 0 
3
0 0 0 
3
0 0 0 
3
0 0 0 
3
0 0 0 
3
0 0 0 
3
0 0 0 
3
0 0 0 
3
0 0 0 
3
0 0 0 
3
0 0 0 
3
0 0 0 
3
0 0 0 
3
0 0 0 
3
0 0 0 
3
0 0 0 
3
0 0 0 
3
0 0 0 
3
0 0 0 
3
0 0 0 
3
0 0 0 
3
0 0 0 
3
0 0 0 
3
0 0 0 
3
0 0 0 
3
0 0 0 
3
0 0 0 
3
0 0 0 
3
0 0 0 
3
0 0 0 
3
0 0 0 
3
0 0 0 
3
0 0 0 
3
0 0 0 
3
0 0 0 
3
0 0 0 
3
0 0 0 
3
0 0 0 
3
0 0 0 
3
0 0 0 
3
0 0 0 
3
0 0 0 
3
0 0 0 
3
0 0 0 
3
0 0 0 
3
0 0 0 
3
0 0 0 
3
0 0 0 
3
0 0 0 
3
0 0 0 
3
0 0 0 
3
0 0 0 
3
0 0 0 
3
0 0 0 
3
0 0 0 
3
0 0 0 
3
0 0 0 
3
0 0 0 
3
0 0 0 
3
0 0 0 
3
0 0 0 
3
0 0 0 
3
0 0 0 
3
0 0 0 
3
0 0 0 
3
0 0 0 
3
0 0 0 
3
0 0 0 
3
0 0 0 
3
0 0 0 
3
0 0 0 
3
0 0 0 
3
0 0 0 
3
0 0 0 
3
0 0 0 
3
0 0 0 
3
0 0 0 
3
0 0 0 
3
0 0 0 
3
0 0 0 
3
0 0 0 
3
0 0 0 
3
0 0 0 
3
0 0 0 
3
0 0 0 
3
0 0 0 
3
0 0 0 
3
0 0 0 
3
0 0 0 
3
0 0 0 
3
0 0 0 
3
0 0 0 
3
0 0 0 
3
0 0 0 
3
0 0 0 
3
0 0 0 
3
0 0 0 
3
0 0 0 
3
0 0 0 
3
0 0 0 
3
0 0 0 
3
0 0 0 
3
0 0 0 
3
0 0 0 
3
0 0 0 
3
0 0 0 
3
0 0 0 
3
0 0 0 
3
0 0 0 
3
0 0 0 
3
0 0 0 
3
0 0 0 
3
0 0 0 
3
0 0 0 
3
0 0 0 
3
0 0 0 
3
0 0 0 
3
0 0 0 
3
0 0 0 
3
0 0 0 
3
0 0 0 
3
0 0 0 
3
0 0 0 
3
0 0 0 
3
0 0 0 
3
0 0 0 
3
0 0 0 
3
0 0 0 
3
0 0 0 
3
0 0 0 
3
0 0 0 
3
0 0 0 
3
0 0 0 
3
0 0 0 
3
0 0 0 
3
0 0 0 
3
0 0 0 
3
0 0 0 
3
0 0 0 
3
0 0 0 
3
0 0 0 
3
0 0 0 
3
0 0 0 
3
0 0 0 
3
0 0 0 
3
0 0 0 
3
0 0 0 
3
0 0 0 
3
0 0 0 
3
0 0 0 
3
0 0 0 
3
0 0 0 
3
0 0 0 
3
0 0 0 
3
0 0 0 
3
0 0 0 
3
0 0 0 
3
0 0 0 
3
0 0 0 
3
0 0 0 
3
0 0 0 
3
0 0 0 
3
0 0 0 
3
0 0 0 
3
0 0 0 
3
0 0 0 
3
0 0 0 
3
0 0 0 
3
0 0 0 
3
0 0 0 
3
0 0 0 
3
0 0 0 
3
0 0 0 
3
0 0 0 
3
0 0 0 
3
0 0 0 
3
0 0 0 
3
0 0 0 
3
0 0 0 
3
0 0 0 
3
0 0 0 
3
0 0 0 
3
0 0 0 
3
0 0 0 
3
0 0 0 
3
0 0 0 
3
0 0 0 
3
0 0 0 
3
0 0 0 
3
0 0 0 
3
0 0 0 
3
0 0 0 
3
0 0 0 
3
0 0 0 
3
0 0 0 
3
0 0 0 
3
0 0 0 
3
0 0 0 
3
0 0 0 
3
0 0 0 
3
0 0 0 
3
0 0 0 
3
0 0 0 
3
0 0 0 
3
0 0 0 
3
0 0 0 
3
0 0 0 
3
0 0 0 
3
0 0 0 
3
0 0 0 
3
0 0 0 
3
0 0 0 
3
0 0 0 
3
0 0 0 
3
0 0 0 
3
0 0 0 
3
0 0 0 
3
0 0 0 
3
0 0 0 
3
0 0 0 
3
0 0 0 
3
0 0 0 
3
0 0 0 
3
0 0 0 
3
0 0 0 
3
0 0 0 
3
0 0 0 
3
0 0 0 
3
0 0 0 
3
0 0 0 
3
0 0 0 
3
0 0 0 
3
0 0 0 
3
0 0 0 
3
0 0 0 
3
0 0 0 
3
0 0 0 
3
0 0 0 
3
0 0 0 
3
0 0 0 
3
0 0 0 
3
0 0 0 
3
0 0 0 
3
0 0 0 
3
0 0 0 
3
0 0 0 
3
0 0 0 
3
0 0 0 
3
0 0 0 
3
0 0 0 
3
0 0 0 
3
0 0 0 
3
0 0 0 
3
0 0 0 
3
0 0 0 
3
0 0 0 
3
0 0 0 
3
0 0 0 
3
0 0 0 
3
0 0 0 
3
0 0 0 
3
0 0 0 
3
0 0 0 
3
0 0 0 
3
0 0 0 
3
0 0 0 
3
0 0 0 
3
0 0 0 
3
0 0 0 
3
0 0 0 
3
0 0 0 
3
0 0 0 
3
0 0 0 
3
0 0 0 
3
0 0 0 
3
0 0 0 
3
0 0 0 
3
0 0 0 
3
0 0 0 
3
0 0 0 
3
0 0 0 
3
0 0 0 
3
0 0 0 
3
0 0 0 
3
0 0 0 
3
0 0 0 
3
0 0 0 
3
0 0 0 
3
0 0 0 
3
0 0 0 
3
0 0 0 
3
0 0 0 
3
0 0 0 
3
0 0 0 
3
0 0 0 
3
0 0 0 
3
0 0 0 
3
0 0 0 
3
0 0 0 
3
0 0 0 
3
0 0 0 
3
0 0 0 
3
0 0 0 
3
0 0 0 
3
0 0 0 
3
0 0 0 
3
0 0 0 
3
0 0 0 
3
0 0 0 
3
0 0 0 
3
0 0 0 
3
0 0 0 
3
0 0 0 
3
0 0 0 
3
0 0 0 
3
0 0 0 
3
0 0 0 
3
0 0 0 
3
0 0 0 
3
0 0 0 
3
0 0 0 
3
0 0 0 
3
0 0 0 
3
0 0 0 
3
0 0 0 
3
0 0 0 
3
0 0 0 
3
0 0 0 
3
0 0 0 
3
0 0 0 
3
0 0 0 
3
0 0 0 
3
0 0 0 
3
0 0 0 
3
0 0 0 
3
0 0 0 
3
0 0 0 
3
0 0 0 
3
0 0 0 
3
0 0 0 
3
0 0 0 
3
0 0 0 
3
0 0 0 
3
0 0 0 
3
0 0 0 
3
0 0 0 
3
0 0 0 
3
0 0 0 
3
0 0 0 
3
0 0 0 
3
0 0 0 
3
0 0 0 
3
0 0 0 
3
0 0 0 
3
0 0 0 
3
0 0 0 
3
0 0 0 
3
0 0 0 
3
0 0 0 
3
0 0 0 
3
0 0 0 
3
0 0 0 
3
0 0 0 
3
0 0 0 
3
0 0 0 
3
0 0 0 
3
0 0 0 
3
0 0 0 
3
0 0 0 
3
0 0 0 
3
0 0 0 
3
0 0 0 
3
0 0 0 
3
0 0 0 
3
0 0 0 
3
0 0 0 
3
0 0 0 
3
0 0 0 
3
0 0 0 
3
0 0 0 
3
0 0 0 
3
0 0 0 
3
0 0 0 
3
0 0 0 
3
0 0 0 
3
0 0 0 
3
0 0 0 
3
0 0 0 
3
0 0 0 
3
0 0 0 
3
0 0 0 
3
0 0 0 
3
0 0 0 
3
0 0 0 
3
0 0 0 
3
0 0 0 
3
0 0 0 
3
0 0 0 
3
0 0 0 
3
0 0 0 
3
0 0 0 
3
0 0 0 
3
0 0 0 
3
0 0 0 
3
0 0 0 
3
0 0 0 
3
0 0 0 
3
0 0 0 
3
0 0 0 
3
0 0 0 
3
0 0 0 
3
0 0 0 
3
0 0 0 
3
0 0 0 
3
0 0 0 
3
0 0 0 
3
0 0 0 
3
0 0 0 
3
0 0 0 
3
0 0 0 
3
0 0 0 
3
0 0 0 
3
0 0 0 
3
0 0 0 
3
0 0 0 
3
0 0 0 
3
0 0 0 
3
0 0 0 
3
0 0 0 
3
0 0 0 
3
0 0 0 
3
0 0 0 
3
0 0 0 
3
0 0 0 
3
0 0 0 
3
0 0 0 
3
0 0 0 
3
0 0 0 
3
0 0 0 
3
0 0 0 
3
0 0 0 
3
0 0 0 
3
0 0 0 
3
0 0 0 
3
0 0 0 
3
0 0 0 
3
0 0 0 
3
0 0 0 
3
0 0 0 
3
0 0 0 
3
0 0 0 
3
0 0 0 
3
0 0 0 
3
0 0 0 
3
0 0 0 
3
0 0 0 
3
0 0 0 
3
0 0 0 
3
0 0 0 
3
0 0 0 
3
0 0 0 
3
0 0 0 
3
0 0 0 
3
0 0 0 
3
0 0 0 
3
0 0 0 
3
0 0 0 
3
0 0 0 
3
0 0 0 
3
0 0 0 
3
0 0 0 
3
0 0 0 
3
0 0 0 
3
0 0 0 
3
0 0 0 
3
0 0 0 
3
0 0 0 
3
0 0 0 
3
0 0 0 
3
0 0 0 
3
0 0 0 
3
0 0 0 
3
0 0 0 
3
0 0 0 
3
0 0 0 
3
0 0 0 
3
0 0 0 
3
0 0 0 
3
0 0 0 
3
0 0 0 
3
0 0 0 
3
0 0 0 
3
0 0 0 
3
0 0 0 
3
0 0 0 
3
0 0 0 
3
0 0 0 
3
0 0 0 
3
0 0 0 
3
0 0 0 
3
0 0 0 
3
0 0 0 
3
0 0 0 
3
0 0 0 
3
0 0 0 
3
0 0 0 
3
0 0 0 
3
0 0 0 
3
0 0 0 
3
0 0 0 
3
0 0 0 
3
0 0 0 
3
0 0 0 
3
0 0 0 
3
0 0 0 
3
0 0 0 
3
0 0 0 
3
0 0 0 
3
0 0 0 
3
0 0 0 
3
0 0 0 
3
0 0 0 
3
0 0 0 
3
0 0 0 
3
0 0 0 
3
0 0 0 
3
0 0 0 
3
0 0 0 
3
0 0 0 
3
0 0 0 
3
0 0 0 
3
0 0 0 
3
0 0 0 
3
0 0 0 
3
0 0 0 
3
0 0 0 
3
0 0 0 
3
0 0 0 
3
0 0 0 
3
0 0 0 
3
0 0 0 
3
0 0 0 
3
0 0 0 
3
0 0 0 
3
0 0 0 
3
0 0 0 
3
0 0 0 
3
0 0 0 
3
0 0 0 
3
0 0 0 
3
0 0 0 
3
0 0 0 
3
0 0 0 
3
0 0 0 
3
0 0 0 
3
0 0 0 
3
0 0 0 
3
0 0 0 
3
0 0 0 
3
0 0 0 
3
0 0 0 
3
0 0 0 
3
0 0 0 
3
0 0 0 
3
0 0 0 
3
0 0 0 
3
0 0 0 
3
0 0 0 
3
0 0 0 
3
0 0 0 
3
0 0 0 
3
0 0 0 
3
0 0 0 
3
0 0 0 
3
0 0 0 
3
0 0 0 
3
0 0 0 
3
0 0 0 
3
0 0 0 
3
0 0 0 
3
0 0 0 
3
0 0 0 
3
0 0 0 
3
0 0 0 
3
0 0 0 
3
0 0 0 
3
0 0 0 
3
0 0 0 
3
0 0 0 
3
0 0 0 
3
0 0 0 
3
0 0 0 
3
0 0 0 
3
0 0 0 
3
0 0 0 
3
0 0 0 
3
0 0 0 
3
0 0 0 
3
0 0 0 
3
0 0 0 
3
0 0 0 
3
0 0 0 
3
0 0 0 
3
0 0 0 
3
0 0 0 
3
0 0 0 
3
0 0 0 
3
0 0 0 
3
0 0 0 
3
0 0 0 
3
0 0 0 
3
0 0 0 
3
0 0 0 
3
0 0 0 
3
0 0 0 
3
0 0 0 
3
0 0 0 
3
0 0 0 
3
0 0 0 
3
0 0 0 
3
0 0 0 
3
0 0 0 
3
0 0 0 
3
0 0 0 
3
0 0 0 
3
0 0 0 
3
0 0 0 
3
0 0 0 
3
0 0 0 
3
0 0 0 
3
0 0 0 
3
0 0 0 
3
0 0 0 
3
0 0 0 
3
0 0 0 
3
0 0 0 
3
0 0 0 
3
0 0 0 
3
0 0 0 
3
0 0 0 
3
0 0 0 
3
0 0 0 
3
0 0 0 
3
0 0 0 
3
0 0 0 
3
0 0 0 
3
0 0 0 
3
0 0 0 
3
0 0 0 
3
0 0 0 
3
0 0 0 
3
0 0 0 
3
0 0 0 
3
0 0 0 
3
0 0 0 
3
0 0 0 
3
0 0 0 
3
0 0 0 
3
0 0 0 
3
0 0 0 
3
0 0 0 
3
0 0 0 
3
0 0 0 
3
0 0 0 
3
0 0 0 
3
0 0 0 
3
0 0 0 
3
0 0 0 
3
0 0 0 
3
0 0 0 
3
0 0 0 
3
0 0 0 
3
0 0 0 
3
0 0 0 
3
0 0 0 
3
0 0 0 
3
0 0 0 
3
0 0 0 
3
0 0 0 
3
0 0 0 
3
0 0 0 
3
0 0 0 
3
0 0 0 
3
0 0 0 
3
0 0 0 
3
0 0 0 
3
0 0 0 
3
0 0 0 
3
0 0 0 
3
0 0 0 
3
0 0 0 
3
0 0 0 
3
0 0 0 
3
0 0 0 
3
0 0 0 
3
0 0 0 
3
0 0 0 
3
0 0 0 
3
0 0 0 
3
0 0 0 
3
0 0 0 
3
0 0 0 
3
0 0 0 
3
0 0 0 
3
0 0 0 
3
0 0 0 
3
0 0 0 
3
0 0 0 
3
0 0 0 
3
0 0 0 
3
0 0 0 
3
0 0 0 
3
0 0 0 
3
0 0 0 
3
0 0 0 
3
0 0 0 
3
0 0 0 
3
0 0 0 
3
0 0 0 
3
0 0 0 
3
0 0 0 
3
0 0 0 
3
0 0 0 
3
0 0 0 
3
0 0 0 
3
0 0 0 
3
0 0 0 
3
0 0 0 
3
0 0 0 
3
0 0 0 
3
0 0 0 
3
0 0 0 
3
0 0 0 
3
0 0 0 
3
0 0 0 
3
0 0 0 
3
0 0 0 
3
0 0 0 
3
0 0 0 
3
0 0 0 
3
0 0 0 
3
0 0 0 
3
0 0 0 
3
0 0 0 
3
0 0 0 
3
0 0 0 
3
0 0 0 
3
0 0 0 
3
0 0 0 
3
0 0 0 
3
0 0 0 
3
0 0 0 
3
0 0 0 
3
0 0 0 
3
0 0 0 
3
0 0 0 
3
0 0 0 
3
0 0 0 
3
0 0 0 
3
0 0 0 
3
0 0 0 
3
0 0 0 
3
0 0 0 
3
0 0 0 
3
0 0 0 
3
0 0 0 
3
0 0 0 
3
0 0 0 
3
0 0 0 
3
0 0 0 
3
0 0 0 
3
0 0 0 
3
0 0 0 
3
0 0 0 
3
0 0 0 
3
0 0 0 
3
0 0 0 
3
0 0 0 
3
0 0 0 
3
0 0 0 
3
0 0 0 
3
0 0 0 
3
0 0 0 
3
0 0 0 
3
0 0 0 
3
0 0 0 
3
0 0 0 
3
0 0 0 
3
0 0 0 
3
0 0 0 
3
0 0 0 
3
0 0 0 
3
0 0 0 
3
0 0 0 
3
0 0 0 
3
0 0 0 
3
0 0 0 
3
0 0 0 
3
0 0 0 
3
0 0 0 
3
0 0 0 
3
0 0 0 
3
0 0 0 
3
0 0 0 
3
0 0 0 
3
0 0 0 
3
0 0 0 
3
0 0 0 
3
0 0 0 
3
0 0 0 
3
0 0 0 
3
0 0 0 
3
0 0 0 
3
0 0 0 
3
0 0 0 
3
0 0 0 
3
0 0 0 
3
0 0 0 
3
0 0 0 
3
0 0 0 
3
0 0 0 
3
0 0 0 
3
0 0 0 
3
0 0 0 
3
0 0 0 
3
0 0 0 
3
0 0 0 
3
0 0 0 
3
0 0 0 
3
0 0 0 
3
0 0 0 
3
0 0 0 
3
0 0 0 
3
0 0 0 
3
0 0 0 
3
0 0 0 
3
0 0 0 
3
0 0 0 
3
0 0 0 
3
0 0 0 
3
0 0 0 
3
0 0 0 
3
0 0 0 
3
0 0 0 
3
0 0 0 
3
0 0 0 
3
0 0 0 
3
0 0 0 
3
0 0 0 
3
0 0 0 
3
0 0 0 
3
0 0 0 
3
0 0 0 
3
0 0 0 
3
0 0 0 
3
0 0 0 
3
0 0 0 
3
0 0 0 
3
0 0 0 
3
0 0 0 
3
0 0 0 
3
0 0 0 
3
0 0 0 
3
0 0 0 
3
0 0 0 
3
0 0 0 
3
0 0 0 
3
0 0 0 
3
0 0 0 
3
0 0 0 
3
0 0 0 
3
0 0 0 
3
0 0 0 
3
0 0 0 
3
0 0 0 
3
0 0 0 
3
0 0 0 
3
0 0 0 
3
0 0 0 
3
0 0 0 
3
0 0 0 
3
0 0 0 
3
0 0 0 
3
0 0 0 
3
0 0 0 
3
0 0 0 
3
0 0 0 
3
0 0 0 
3
0 0 0 
3
0 0 0 
3
0 0 0 
3
0 0 0 
3
0 0 0 
3
0 0 0 
3
0 0 0 
3
0 0 0 
3
0 0 0 
3
0 0 0 
3
0 0 0 
3
0 0 0 
3
0 0 0 
3
0 0 0 
3
0 0 0 
3
0 0 0 
3
0 0 0 
3
0 0 0 
3
0 0 0 
3
0 0 0 
3
0 0 0 
3
0 0 0 
3
0 0 0 
3
0 0 0 
3
0 0 0 
3
0 0 0 
3
0 0 0 
3
0 0 0 
3
0 0 0 
3
0 0 0 
3
0 0 0 
3
0 0 0 
3
0 0 0 
3
0 0 0 
3
0 0 0 
3
0 0 0 
3
0 0 0 
3
0 0 0 
3
0 0 0 
3
0 0 0 
3
0 0 0 
3
0 0 0 
3
0 0 0 
3
0 0 0 
3
0 0 0 
3
0 0 0 
3
0 0 0 
3
0 0 0 
3
0 0 0 
3
0 0 0 
3
0 0 0 
3
0 0 0 
3
0 0 0 
3
0 0 0 
3
0 0 0 
3
0 0 0 
3
0 0 0 
3
0 0 0 
3
0 0 0 
3
0 0 0 
3
0 0 0 
3
0 0 0 
3
0 0 0 
3
0 0 0 
3
0 0 0 
3
0 0 0 
3
0 0 0 
3
0 0 0 
3
0 0 0 
3
0 0 0 
3
0 0 0 
3
0 0 0 
3
0 0 0 
3
0 0 0 
3
0 0 0 
3
0 0 0 
3
0 0 0 
3
0 0 0 
3
0 0 0 
3
0 0 0 
3
0 0 0 
3
0 0 0 
3
0 0 0 
3
0 0 0 
3
0 0 0 
3
0 0 0 
3
0 0 0 
3
0 0 0 
3
0 0 0 
3
0 0 0 
3
0 0 0 
3
0 0 0 
3
0 0 0 
3
0 0 0 
3
0 0 0 
3
0 0 0 
3
0 0 0 
3
0 0 0 
3
0 0 0 
3
0 0 0 
3
0 0 0 
3
0 0 0 
3
0 0 0 
3
0 0 0 
3
0 0 0 
3
0 0 0 
3
0 0 0 
3
0 0 0 
3
0 0 0 
3
0 0 0 
3
0 0 0 
3
0 0 0 
3
0 0 0 
3
0 0 0 
3
0 0 0 
3
0 0 0 
3
0 0 0 
3
0 0 0 
3
0 0 0 
3
0 0 0 
3
0 0 0 
3
0 0 0 
3
0 0 0 
3
0 0 0 
3
0 0 0 
3
0 0 0 
3
0 0 0 
3
0 0 0 
3
0 0 0 
3
0 0 0 
3
0 0 0 
3
0 0 0 
3
0 0 0 
3
0 0 0 
3
0 0 0 
3
0 0 0 
3
0 0 0 
3
0 0 0 
3
0 0 0 
3
0 0 0 
3
0 0 0 
3
0 0 0 
3
0 0 0 
3
0 0 0 
3
0 0 0 
3
0 0 0 
3
0 0 0 
3
0 0 0 
3
0 0 0 
3
0 0 0 
3
0 0 0 
3
0 0 0 
3
0 0 0 
3
0 0 0 
3
0 0 0 
3
0 0 0 
3
0 0 0 
3
0 0 0 
3
0 0 0 
3
0 0 0 
3
0 0 0 
3
0 0 0 
3
0 0 0 
3
0 0 0 
3
0 0 0 
3
0 0 0 
3
0 0 0 
3
0 0 0 
3
0 0 0 
3
0 0 0 
3
0 0 0 
3
0 0 0 
3
0 0 0 
3
0 0 0 
3
0 0 0 
3
0 0 0 
3
0 0 0 
3
0 0 0 
3
0 0 0 
3
0 0 0 
3
0 0 0 
3
0 0 0 
3
0 0 0 
3
0 0 0 
3
0 0 0 
3
0 0 0 
3
0 0 0 
3
0 0 0 
3
0 0 0 
3
0 0 0 
3
0 0 0 
3
0 0 0 
3
0 0 0 
3
0 0 0 
3
0 0 0 
3
0 0 0 
3
0 0 0 
3
0 0 0 
3
0 0 0 
3
0 0 0 
3
0 0 0 
3
0 0 0 
3
0 0 0 
3
0 0 0 
3
0 0 0 
3
0 0 0 
3
0 0 0 
3
0 0 0 
3
0 0 0 
3
0 0 0 
3
0 0 0 
3
0 0 0 
3
0 0 0 
3
0 0 0 
3
0 0 0 
3
0 0 0 
3
0 0 0 
3
0 0 0 
3
0 0 0 
3
0 0 0 
3
0 0 0 
3
0 0 0 
3
0 0 0 
3
0 0 0 
3
0 0 0 
3
0 0 0 
3
0 0 0 
3
0 0 0 
3
0 0 0 
3
0 0 0 
3
0 0 0 
3
0 0 0 
3
0 0 0 
3
0 0 0 
3
0 0 0 
3
0 0 0 
3
0 0 0 
3
0 0 0 
3
0 0 0 
3
0 0 0 
3
0 0 0 
3
0 0 0 
3
0 0 0 
3
0 0 0 
3
0 0 0 
3
0 0 0 
3
0 0 0 
3
0 0 0 
3
0 0 0 
3
0 0 0 
3
0 0 0 
3
0 0 0 
3
0 0 0 
3
0 0 0 
3
0 0 0 
3
0 0 0 
3
0 0 0 
3
0 0 0 
3
0 0 0 
3
0 0 0 
3
0 0 0 
3
0 0 0 
3
0 0 0 
3
0 0 0 
3
0 0 0 
3
0 0 0 
3
0 0 0 
3
0 0 0 
3
0 0 0 
3
0 0 0 
3
0 0 0 
3
0 0 0 
3
0 0 0 
3
0 0 0 
3
0 0 0 
3
0 0 0 
3
0 0 0 
3
0 0 0 
3
0 0 0 
3
0 0 0 
3
0 0 0 
3
0 0 0 
3
0 0 0 
3
0 0 0 
3
0 0 0 
3
0 0 0 
3
0 0 0 
3
0 0 0 
3
0 0 0 
3
0 0 0 
3
0 0 0 
3
0 0 0 
3
0 0 0 
3
0 0 0 
3
0 0 0 
3
0 0 0 
3
0 0 0 
3
0 0 0 
3
0 0 0 
3
0 0 0 
3
0 0 0 
3
0 0 0 
3
0 0 0 
3
0 0 0 
3
0 0 0 
3
0 0 0 
3
0 0 0 
3
0 0 0 
3
0 0 0 
3
0 0 0 
3
0 0 0 
3
0 0 0 
3
0 0 0 
3
0 0 0 
3
0 0 0 
3
0 0 0 
3
0 0 0 
3
0 0 0 
3
0 0 0 
3
0 0 0 
3
0 0 0 
3
0 0 0 
3
0 0 0 
3
0 0 0 
3
0 0 0 
3
0 0 0 
3
0 0 0 
3
0 0 0 
3
0 0 0 
3
0 0 0 
3
0 0 0 
3
0 0 0 
3
0 0 0 
3
0 0 0 
3
0 0 0 
3
0 0 0 
3
0 0 0 
3
0 0 0 
3
0 0 0 
3
0 0 0 
3
0 0 0 
3
0 0 0 
3
0 0 0 
3
0 0 0 
3
0 0 0 
3
0 0 0 
3
0 0 0 
3
0 0 0 
3
0 0 0 
3
0 0 0 
3
0 0 0 
3
0 0 0 
3
0 0 0 
3
0 0 0 
3
0 0 0 
3
0 0 0 
3
0 0 0 
3
0 0 0 
3
0 0 0 
3
0 0 0 
3
0 0 0 
3
0 0 0 
3
0 0 0 
3
0 0 0 
3
0 0 0 
3
0 0 0 
3
0 0 0 
3
0 0 0 
3
0 0 0 
3
0 0 0 
3
0 0 0 
3
0 0 0 
3
0 0 0 
3
0 0 0 
3
0 0 0 
3
0 0 0 
3
0 0 0 
3
0 0 0 
3
0 0 0 
3
0 0 0 
3
0 0 0 
3
0 0 0 
3
0 0 0 
3
0 0 0 
3
0 0 0 
3
0 0 0 
3
0 0 0 
3
0 0 0 
3
0 0 0 
3
0 0 0 
3
0 0 0 
3
0 0 0 
3
0 0 0 
3
0 0 0 
3
0 0 0 
3
0 0 0 
3
0 0 0 
3
0 0 0 
3
0 0 0 
3
0 0 0 
3
0 0 0 
3
0 0 0 
3
0 0 0 
3
0 0 0 
3
0 0 0 
3
0 0 0 
3
0 0 0 
3
0 0 0 
3
0 0 0 
3
0 0 0 
3
0 0 0 
3
0 0 0 
3
0 0 0 
3
0 0 0 
3
0 0 0 
3
0 0 0 
3
0 0 0 
3
0 0 0 
3
0 0 0 
3
0 0 0 
3
0 0 0 
3
0 0 0 
3
0 0 0 
3
0 0 0 
3
0 0 0 
3
0 0 0 
3
0 0 0 
3
0 0 0 
3
0 0 0 
3
0 0 0 
3
0 0 0 
3
0 0 0 
3
0 0 0 
3
0 0 0 
3
0 0 0 
3
0 0 0 
3
0 0 0 
3
0 0 0 
3
0 0 0 
3
0 0 0 
3
0 0 0 
3
0 0 0 
3
0 0 0 
3
0 0 0 
3
0 0 0 
3
0 0 0 
3
0 0 0 
3
0 0 0 
3
0 0 0 
3
0 0 0 
3
0 0 0 
3
0 0 0 
3
0 0 0 
3
0 0 0 
3
0 0 0 
3
0 0 0 
3
0 0 0 
3
0 0 0 
3
0 0 0 
3
0 0 0 
3
0 0 0 
3
0 0 0 
3
0 0 0 
3
0 0 0 
3
0 0 0 
3
0 0 0 
3
0 0 0 
3
0 0 0 
3
0 0 0 
3
0 0 0 
3
0 0 0 
3
0 0 0 
3
0 0 0 
3
0 0 0 
3
0 0 0 
3
0 0 0 
3
0 0 0 
3
0 0 0 
3
0 0 0 
3
0 0 0 
3
0 0 0 
3
0 0 0 
3
0 0 0 
3
0 0 0 
3
0 0 0 
3
0 0 0 
3
0 0 0 
3
0 0 0 
3
0 0 0 
3
0 0 0 
3
0 0 0 
3
0 0 0 
3
0 0 0 
3
0 0 0 
3
0 0 0 
3
0 0 0 
3
0 0 0 
3
0 0 0 
3
0 0 0 
3
0 0 0 
3
0 0 0 
3
0 0 0 
3
0 0 0 
3
0 0 0 
3
0 0 0 
3
0 0 0 
3
0 0 0 
3
0 0 0 
3
0 0 0 
3
0 0 0 
3
0 0 0 
3
0 0 0 
3
0 0 0 
3
0 0 0 
3
0 0 0 
3
0 0 0 
3
0 0 0 
3
0 0 0 
3
0 0 0 
3
0 0 0 
3
0 0 0 
3
0 0 0 
3
0 0 0 
3
0 0 0 
3
0 0 0 
3
0 0 0 
3
0 0 0 
3
0 0 0 
3
0 0 0 
3
0 0 0 
3
0 0 0 
3
0 0 0 
3
0 0 0 
3
0 0 0 
3
0 0 0 
3
0 0 0 
3
0 0 0 
3
0 0 0 
3
0 0 0 
3
0 0 0 
3
0 0 0 
3
0 0 0 
3
0 0 0 
3
0 0 0 
3
0 0 0 
3
0 0 0 
3
0 0 0 
3
0 0 0 
3
0 0 0 
3
0 0 0 
3
0 0 0 
3
0 0 0 
3
0 0 0 
3
0 0 0 
3
0 0 0 
3
0 0 0 
3
0 0 0 
3
0 0 0 
3
0 0 0 
3
0 0 0 
3
0 0 0 
3
0 0 0 
3
0 0 0 
3
0 0 0 
3
0 0 0 
3
0 0 0 
3
0 0 0 
3
0 0 0 
3
0 0 0 
3
0 0 0 
3
0 0 0 
3
0 0 0 
3
0 0 0 
3
0 0 0 
3
0 0 0 
3
0 0 0 
3
0 0 0 
3
0 0 0 
3
0 0 0 
3
0 0 0 
3
0 0 0 
3
0 0 0 
3
0 0 0 
3
0 0 0 
3
0 0 0 
3
0 0 0 
3
0 0 0 
3
0 0 0 
3
0 0 0 
3
0 0 0 
3
0 0 0 
3
0 0 0 
3
0 0 0 
3
0 0 0 
3
0 0 0 
3
0 0 0 
3
0 0 0 
3
0 0 0 
3
0 0 0 
3
0 0 0 
3
0 0 0 
3
0 0 0 
3
0 0 0 
3
0 0 0 
3
0 0 0 
3
0 0 0 
3
0 0 0 
3
0 0 0 
3
0 0 0 
3
0 0 0 
3
0 0 0 
3
0 0 0 
3
0 0 0 
3
0 0 0 
3
0 0 0 
3
0 0 0 
3
0 0 0 
3
0 0 0 
3
0 0 0 
3
0 0 0 
3
0 0 0 
3
0 0 0 
3
0 0 0 
3
0 0 0 
3
0 0 0 
3
0 0 0 
3
0 0 0 
3
0 0 0 
3
0 0 0 
3
0 0 0 
3
0 0 0 
3
0 0 0 
3
0 0 0 
3
0 0 0 
3
0 0 0 
3
0 0 0 
3
0 0 0 
3
0 0 0 
3
0 0 0 
3
0 0 0 
3
0 0 0 
3
0 0 0 
3
0 0 0 
3
0 0 0 
3
0 0 0 
3
0 0 0 
3
0 0 0 
3
0 0 0 
3
0 0 0 
3
0 0 0 
3
0 0 0 
3
0 0 0 
3
0 0 0 
3
0 0 0 
3
0 0 0 
3
0 0 0 
3
0 0 0 
3
0 0 0 
3
0 0 0 
3
0 0 0 
3
0 0 0 
3
0 0 0 
3
0 0 0 
3
0 0 0 
3
0 0 0 
3
0 0 0 
3
0 0 0 
3
0 0 0 
3
0 0 0 
3
0 0 0 
3
0 0 0 
3
0 0 0 
3
0 0 0 
3
0 0 0 
3
0 0 0 
3
0 0 0 
3
0 0 0 
3
0 0 0 
3
0 0 0 
3
0 0 0 
3
0 0 0 
3
0 0 0 
3
0 0 0 
3
0 0 0 
3
0 0 0 
3
0 0 0 
3
0 0 0 
3
0 0 0 
3
0 0 0 
3
0 0 0 
3
0 0 0 
3
0 0 0 
3
0 0 0 
3
0 0 0 
3
0 0 0 
3
0 0 0 
3
0 0 0 
3
0 0 0 
3
0 0 0 
3
0 0 0 
3
0 0 0 
3
0 0 0 
3
0 0 0 
3
0 0 0 
3
0 0 0 
3
0 0 0 
3
0 0 0 
3
0 0 0 
3
0 0 0 
3
0 0 0 
3
0 0 0 
3
0 0 0 
3
0 0 0 
3
0 0 0 
3
0 0 0 
3
0 0 0 
3
0 0 0 
3
0 0 0 
3
0 0 0 
3
0 0 0 
3
0 0 0 
3
0 0 0 
3
0 0 0 
3
0 0 0 
3
0 0 0 
3
0 0 0 
3
0 0 0 
3
0 0 0 
3
0 0 0 
3
0 0 0 
3
0 0 0 
3
0 0 0 
3
0 0 0 
3
0 0 0 
3
0 0 0 
3
0 0 0 
3
0 0 0 
3
0 0 0 
3
0 0 0 
3
0 0 0 
3
0 0 0 
3
0 0 0 
3
0 0 0 
3
0 0 0 
3
0 0 0 
3
0 0 0 
3
0 0 0 
3
0 0 0 
3
0 0 0 
3
0 0 0 
3
0 0 0 
3
0 0 0 
3
0 0 0 
3
0 0 0 
3
0 0 0 
3
0 0 0 
3
0 0 0 
3
0 0 0 
3
0 0 0 
3
0 0 0 
3
0 0 0 
3
0 0 0 
3
0 0 0 
3
0 0 0 
3
0 0 0 
3
0 0 0 
3
0 0 0 
3
0 0 0 
3
0 0 0 
3
0 0 0 
3
0 0 0 
3
0 0 0 
3
0 0 0 
3
0 0 0 
3
0 0 0 
3
0 0 0 
3
0 0 0 
3
0 0 0 
3
0 0 0 
3
0 0 0 
3
0 0 0 
3
0 0 0 
3
0 0 0 
3
0 0 0 
3
0 0 0 
3
0 0 0 
3
0 0 0 
3
0 0 0 
3
0 0 0 
3
0 0 0 
3
0 0 0 
3
0 0 0 
3
0 0 0 
3
0 0 0 
3
0 0 0 
3
0 0 0 
3
0 0 0 
3
0 0 0 
3
0 0 0 
3
0 0 0 
3
0 0 0 
3
0 0 0 
3
0 0 0 
3
0 0 0 
3
0 0 0 
3
0 0 0 
3
0 0 0 
3
0 0 0 
3
0 0 0 
3
0 0 0 
3
0 0 0 
3
0 0 0 
3
0 0 0 
3
0 0 0 
3
0 0 0 
3
0 0 0 
3
0 0 0 
3
0 0 0 
3
0 0 0 
3
0 0 0 
3
0 0 0 
3
0 0 0 
3
0 0 0 
3
0 0 0 
3
0 0 0 
3
0 0 0 
3
0 0 0 
3
0 0 0 
3
0 0 0 
3
0 0 0 
3
0 0 0 
3
0 0 0 
3
0 0 0 
3
0 0 0 
3
0 0 0 
3
0 0 0 
3
0 0 0 
3
0 0 0 
3
0 0 0 
3
0 0 0 
3
0 0 0 
3
0 0 0 
3
0 0 0 
3
0 0 0 
3
0 0 0 
3
0 0 0 
3
0 0 0 
3
0 0 0 
3
0 0 0 
3
0 0 0 
3
0 0 0 
3
0 0 0 
3
0 0 0 
3
0 0 0 
3
0 0 0 
3
0 0 0 
3
0 0 0 
3
0 0 0 
3
0 0 0 
3
0 0 0 
3
0 0 0 
3
0 0 0 
3
0 0 0 
3
0 0 0 
3
0 0 0 
3
0 0 0 
3
0 0 0 
3
0 0 0 
3
0 0 0 
3
0 0 0 
3
0 0 0 
3
0 0 0 
3
0 0 0 
3
0 0 0 
3
0 0 0 
3
0 0 0 
3
0 0 0 
3
0 0 0 
3
0 0 0 
3
0 0 0 
3
0 0 0 
3
0 0 0 
3
0 0 0 
3
0 0 0 
3
0 0 0 
3
0 0 0 
3
0 0 0 
3
0 0 0 
3
0 0 0 
3
0 0 0 
3
0 0 0 
3
0 0 0 
3
210.441614587289 198.030355799802 213.38859913047 
3
0 0 0 
3
0 0 0 
3
0 0 0 
3
0 0 0 
3
0 0 0 
3
0 0 0 
3
0 0 0 
3
0 0 0 
3
0 0 0 
3
0 0 0 
3
0 0 0 
3
0 0 0 
3
0 0 0 
3
0 0 0 
3
0 0 0 
3
0 0 0 
3
0 0 0 
3
0 0 0 
3
0 0 0 
3
0 0 0 
3
0 0 0 
3
0 0 0 
3
0 0 0 
3
0 0 0 
3
0 0 0 
3
0 0 0 
3
0 0 0 
3
0 0 0 
3
0 0 0 
3
0 0 0 
3
0 0 0 
3
0 0 0 
3
0 0 0 
3
0 0 0 
3
0 0 0 
3
0 0 0 
3
0 0 0 
3
0 0 0 
3
0 0 0 
3
0 0 0 
3
0 0 0 
3
0 0 0 
3
0 0 0 
3
0 0 0 
3
0 0 0 
3
0 0 0 
3
0 0 0 
3
201.863190789876 193.613060599768 206.912523929855 
3
165.5704407887 206.603253457504 170.708571336793 
3
0 0 0 
3
0 0 0 
3
0 0 0 
3
0 0 0 
3
0 0 0 
3
0 0 0 
3
0 0 0 
3
0 0 0 
3
0 0 0 
3
0 0 0 
3
0 0 0 
3
0 0 0 
3
0 0 0 
3
0 0 0 
3
212.713380967913 213.198468054132 213.112608993157 
3
0 0 0 
3
0 0 0 
3
0 0 0 
3
0 0 0 
3
0 0 0 
3
0 0 0 
3
0 0 0 
3
0 0 0 
3
0 0 0 
3
0 0 0 
3
0 0 0 
3
0 0 0 
3
0 0 0 
3
0 0 0 
3
0 0 0 
3
0 0 0 
3
0 0 0 
3
0 0 0 
3
0 0 0 
3
0 0 0 
3
0 0 0 
3
0 0 0 
3
0 0 0 
3
0 0 0 
3
0 0 0 
3
0 0 0 
3
0 0 0 
3
0 0 0 
3
0 0 0 
3
0 0 0 
3
0 0 0 
3
0 0 0 
3
0 0 0 
3
0 0 0 
3
0 0 0 
3
0 0 0 
3
0 0 0 
3
0 0 0 
3
0 0 0 
3
0 0 0 
3
0 0 0 
3
0 0 0 
3
0 0 0 
3
0 0 0 
3
0 0 0 
3
0 0 0 
3
206.691205496235 204.72378646707 204.178653518413 
