400
9
0.996005539113105 0.876485949452226 0.91847157466036 1.03550592477709 1.03873301765349 0.923344155036692 0.86772090389343 1.01762804489581 1.03214307997399 
9
0.379646236889686 0.562726058026192 0.440227321475906 0.645850323805451 0.468672103786771 0.492351983412955 0.36120524734252 0.492187796565021 0.563187838248685 
9
0.998872941319901 0.95993553952685 1.00128743798892 0.965252124287081 1.03424888395005 0.974970489331908 0.980268180053807 0.905562419392736 0.997697349783237 
9
0.533937112056606 0.527251884335646 0.438201731033187 0.521110117743876 0.412815401175265 0.297870017752801 0.608662157637793 0.452876558296455 0.463623135543718 
9
0.226740913274386 0.294586835175688 0.0298560609874118 0.143175634091474 0 0.0565180819082199 0.374375752977045 0.168954628308198 0.153617133664659 
9
0.176668194403834 0.0534740837721907 -0.000424286512253416 0.0508378100978677 0 -0.0146181402481772 0.0729126511855959 0.0211288274169461 0 
9
0.254751722855106 0 0 0 0 0 0 0 -0.00086678399208982 
9
0 0 0 0 0 0 0 0 0.00092458647083909 
9
0.0975987664867445 3.89712950370159 0 0 0.0410740952207117 0 0 0.13543874234474 6.74190930963959 
9
0 0 0 0 0 0 0 0 0 
9
0.00939676001733632 0 0 0 0 0 0.00606962030147217 0.00687427135157308 0.00219501376229079 
9
4.25347979152574 0.897778140258177 1.05396872425403 0.244286406144175 0.617655467353091 0 1.17617377361104 0 0 
9
7.11779208387109 0.10136292356342 1.48663636068977 0.786092419947185 1.18340082067162 0.605284944670085 1.03635140517999 2.07117009244533 0.36016967672199 
9
3.69395455184059 0 0 0.284368388501875 0.798513586124802 1.3510734191262 0.691950722744326 0.284276612819278 0.705759869903289 
9
0 0 0 0 0 0 0 0 0 
9
0 0 0 0 0 0 0 0 0 
9
-0.184948650340917 -0.192486272482753 0 0 0 0 0 0 0 
9
1.31024060607946 0 0 0 0 0.134348377573936 0 0.284749141719967 2.10123062213621 
9
1.75732531365101 1.28988451425778 2.09636769904898 1.2896702931354 1.91314152145849 1.89714779725239 0.755549388859011 1.38060198957321 1.77589584081447 
9
1.62479856306249 1.03204730729455 1.81697030730564 0.572080396599964 0.629535955666635 0.52503852438432 1.15486337266036 0.96881183930946 0.75285829885471 
9
0.447431664112146 0.027692802754382 0.129550661869469 0.152837496972988 0.0149232094966032 1.04506456096434 0.121984226176885 0.369614675232665 0.47279745791498 
9
0.12728599077075 0.105431694101208 0.066558956106249 0.400484855187076 0.241719982996368 -0.0136343362063977 0 0.360389575832986 0.843113940124151 
9
0.0416064047311301 0.585342052110764 0.088758675624485 0.0925516284326078 0.0213468599911212 0.0426024107910961 -0.0036981592660954 0.0300265767351563 0.793708058302989 
9
0.491521440646922 0.630936002740155 0.335131694988642 0.288572328997384 0.736255508138539 0.239665134934874 0.241481313576752 0.826171378409815 0.479453037020016 
9
-0.00786131484195099 0.131133930766821 -0.200403436813645 0.00238544435509076 -0.00963679311674109 0.0070490631236871 0.250697099809814 0.0323778567028006 0.152689462618619 
9
0.16019029819075 0.0950411619346041 0.0467103038471097 0.123495025768067 0.0496664322058945 0.0460463901524823 0.330957871496153 0.0220068424654252 0.11334806078085 
9
0.368221341978236 -0.0280516289520803 0.00667587837013055 0.0317263928481421 0.0328938933443843 0.0150703907308706 0.1754716474188 0 0.00306818238383465 
9
-0.0288639606732498 -0.0285748061167304 -0.0203264782873766 0.130457597716611 0 -0.0114302085577277 0 0 -0.0103829657242373 
9
0.196454012232585 0.172105929790858 0.189624658298356 0.0347416544974198 0.0898074693586506 0.0361757568142725 0.103787622781429 0.0485132305592646 0.0947835626102106 
9
0.397946063512077 0.0257308894566725 0 0 0.0580715273068376 0 0 0.12862123863973 -3.29989541141545 
9
0 0 0 0 0 0 0 0 0 
9
0.0149373136824925 0 0 0 0 0 0.00938941232915263 0.00829219715271862 0.000420597574229614 
9
0 0 0 0 0 0 0 0 0 
9
0.498469103231463 0 0 0 0 0 0 0 0 
9
3.36481315988606 0.652817661377 0.307976468270649 0 0.261153735649538 0.258295072153919 0.0597300382657047 0.599653167835012 0.423526411815311 
9
3.11621335299761 0.741273811476918 1.09331463622942 0.672095847833528 0.668942886743294 0.256338016626007 0.636552282140135 0.337709443591437 1.14172182193116 
9
-1.25886481573974 -0.174199897680196 1.06850662845141 0 0 0 -0.804689716423626 -0.127303596746176 0 
9
-0.251696920597068 0 0 0 0 0 -0.0450872676031551 0 1.41887385206408 
9
0.127600328881567 1.24810919008289 0.152565416449203 0 0.321573733477009 0.199571547765659 0.294867187680356 0.757998323699101 0.629251985918134 
9
2.59205993522586 0.874303089059303 3.7158392148686 0.532311174706287 0.751448580016767 0.468285102226424 0.228888477153043 1.26377842205008 0 
9
0.0921051805017998 0.0765747943757305 0 0 0 0 0.0586048209809111 0 0 
9
0.191241743299271 0 -8.15189958001367E-05 0 0 0 0.0543292543112337 0 0.0939513525029459 
9
0 0.0180617255260989 -0.0394706026183986 0 0 0 0 0 0.031401358100216 
9
-0.0055879162106142 -0.0225981596152153 -0.0506054623049068 -0.0106579288836569 -0.0163002588300689 -0.019601052351743 0.142681684113 1.03402144495253 0.000809418008119428 
9
-0.0123940317598481 0.018981684866796 0.0202994958302211 0.00399840833057087 0 -7.90995017016779 -3.6449689999348 0.0828796940834236 0.0550669729515084 
9
0.16692384013475 0 0 0 0 0 0 0 0.00648479428055124 
9
0.396662045019977 0.338204020075139 -0.0533091552015623 -0.0513222179463287 -0.106904033375813 0.0226993609753062 -0.124189923112811 -0.0975973858416301 -0.0990911440566247 
9
-0.0666363555921392 -0.118227424724796 -0.305726324130263 0.129014754970317 -0.196484858351265 -0.109528489217457 -0.0874592764220171 -0.0832875756832043 -0.0721949019449228 
9
0.0905046523535401 0.230652373984692 0.127409340803129 0.708639674666084 0.252747604027646 0.129423413682666 0.215302162681767 0.215633083909435 0.221075787012581 
9
0.565238718936726 0.42479292407127 0.430766090677609 0.429892606653343 0.443567474045276 0.438838424575847 0.410757637712847 0.43936577168191 0.439825928773632 
9
0.00593293947905302 0.0689795815136403 0 0 0 0 -0.000258391317020554 0 0 
9
0.261245993272912 0.0442239141813613 0 0 0.0729256773099224 0 -0.000228664129051105 0.404371943480688 2.7105790370649 
9
3.83790547739688 0 0 0 0 0 0 0 0 
9
-0.0241166444765286 0.0476743836025019 0 0 0 0 0.0143330734211192 0.0143589401210849 0.000362174710345585 
9
-0.209637469850117 -0.231437052082648 0.200451062472886 0 0 0 0 0 0 
9
-0.098413894971053 0.108720881389796 0 0 0 0 0 0 0 
9
-0.125210845049242 -0.193327610814456 0.168565390528409 0 0 0 -0.730372132987863 -0.141452930769983 0 
9
-0.320517317540394 1.14367385689901 0.350751939482177 0.434926408730389 0.861271697625878 0.320019011839729 0.225273087104173 0.286112255616123 1.16562685207223 
9
1.13650164525265 0.562923283176527 1.78177424499168 0.968600479825239 1.16940309029186 0.572338252706362 0.444789436893068 0.229705472376885 1.89156977984112 
9
0.792322005408133 0.467316837466756 0.485328955516783 0.28926084712262 0.150794436770101 0.280254470846867 0.278904529916324 0.073190636403718 0.43845814605392 
9
0.612118467157723 0.659353114556897 0.535294488438263 0.392888404971475 0.265362225997788 0.534095851428167 0.609682562496919 0.520054521950291 0.404502469251641 
9
0.349136318231322 0.323229899154494 0.861513815127088 0 0 -0.124643010585076 0 0 0.0561544503022929 
9
0.0583660752065453 0 0.265073876706849 0 0 0 0 0 0 
9
0 0 0.00643848646334198 0 0 0 0 0.391758395754096 0.0544571494857798 
9
0.0378509291085254 0.0353550603722012 0.0782474003309215 0.249694938865123 0 0.0421461788862944 -0.0162993732266516 0.351265052490196 0.129263239697721 
9
-0.0110244164633092 0 0 0 0 0 0.893758029991935 0.136746219848714 0.448412672808017 
9
0.916606403646389 1.30004833406908 0 0.449047712436531 0 -0.0717849591858822 1.62644951576031 0 0 
9
0.792213606699194 0.188812715432207 0.0993200185714241 0.191662076260791 0.069577967959779 0.0672953643520954 0.0862198695755543 0.0669364510988453 0.0788866058929763 
9
1.14915888777732 0.600017083313988 0.816178575705602 1.36856357072978 0.928061077506128 0.78181163232996 0.903486634818882 0.7188468732595 0.938048425956022 
9
1.44497937306234 0.863040283693719 0.824987866041946 0.837049532268073 0.904489066075549 1.07997396563361 0.888215734733625 0.898655718407663 0.90019456120243 
9
0.169400707191648 -0.0637209755103527 -0.0837813034939761 0.00538394950650111 -0.0489380322321346 -0.0480090397035933 -0.0345335345491683 0.00961438886691343 -0.0138690676164977 
9
0.36287591487499 0 0 0 0 0.0262020876251435 0.0554771271895616 0.0613288255318436 0 
9
0.207595268460071 0 0 0 0 0 0 0.123238196906719 3.28437635708064 
9
0 0 0 0 0 0 0 0 0 
9
0.352256350233517 0.109348749602595 0.368995948284477 0.419700436586565 0.101301263452241 0.312325101067715 0.283326892805319 0.331792632317381 0.350322500016391 
9
-0.163505669606991 -0.150907830881551 -0.0165864665507021 -0.140354800820351 -0.462430013745609 -0.0723900336331288 0 0 0 
9
0 0 0 0 0 0 0.573178262249358 0.630515168392984 0 
9
-1.68931892536774 0 0 0 0 0 0.68992863990058 0 0 
9
0.179531176174685 0.591432531574588 0.0214486844565049 0 0 0 0.0904038697886893 0 1.05309836372698 
9
0.0535362211011886 0.28723159270739 0.0189728846989588 0.21335220331967 0.00209560577251447 1.49973128712691 0.0828431276393774 -0.0561531278361753 0.548161908527055 
9
0.529455020783697 0.305025291096284 0.115113841185062 0.31140017341073 0.773344546244454 0.883070173149618 0.268081712097866 0.573526942158936 0.50148512066527 
9
-0.356886520801313 0.369788894045705 0.309900021176042 0.0767069899734201 0.195618780172714 0.262501812040756 0.233393270609136 0.2006815043476 0.699226416728133 
9
0.100113547731023 0.127814349889416 0.0508284697886946 -0.4287782441375 0.0170272138134731 -0.212063699139277 0.0207828968061594 0 0 
9
0 0 0.306783903962226 0 0 0 -0.412737180154753 0 0.0105263736539414 
9
-0.00605379272526435 -0.0103063642407954 -0.0542224705219269 0.432333271107515 0 -0.195912487205169 0.395748792684425 0.184358199055902 0.379595326239194 
9
0.299576752400635 0 0 0.310276069748846 0 0 0.669478011130002 0.854249541074112 0.454456981955382 
9
0.214423688562786 0.382264882448989 0 0.124570964568709 0 0 0.50482927627506 0 0.107354265837993 
9
0.457226518158231 0.484473782006373 0.16311190704452 1.24609731572891 0.464259668312034 0.262107371305983 0.344161581882594 0.227620889090367 0.391065156970808 
9
1.73174135242205 1.35913579521723 1.44166034574971 1.46979257825645 1.47152026658692 1.40372462141621 1.43949510009895 1.45344070361656 1.45562265733148 
9
1.25126124070289 1.39432932319844 1.39552020867607 1.17272827905757 1.38602479008556 1.67434074643646 1.34344340103254 1.35331552247542 1.36756554168494 
9
0.0431615161680397 0.00808011272164473 -0.0306259553424743 0.00925642739276667 0.0209549513307299 -0.0360252464242099 0.102341411941158 -0.0610041061079339 0.0660439580753013 
9
0.330075453549375 0.0603321401714846 0.093063361715862 0.0680155951344239 0.0338174816291903 0 0.0436451635865163 0.103778349768743 0.0838815627852482 
9
0.996537682240642 0.390291960901971 0.248572315065398 0.17566137783929 0.119222568731247 0.348877381541199 0.275095305061659 0.211644108833656 0.18127813150435 
9
0.508087829938224 0.553448743567636 0.842269709704317 0.46370454123773 0.450509554948754 0.379504261703397 0.391198796739402 0.44063176148667 0.314743499926702 
9
0.630115617557415 0.666498931893383 0.563953979695902 0.797889073858252 0.615118715937661 0.652523319755822 0.601213927192405 0.595182914488981 0.609739306333961 
9
-0.0866119752393414 -0.0851143403019393 -0.00750957255136809 -0.0533277742954463 -0.308121448871099 0.208493145754516 0 0 0 
9
0 0 0 0 0 0 0 1.20811966252236 1.5147796615119 
9
-1.45691790172615 0 0 0 0 0 -0.264086109235044 -0.000822235457599163 0 
9
-1.34126509176477 -0.356339598851438 -0.0676149983640897 -0.304242038103672 -0.00171583105038932 0.00877593666634117 0 0 0.236770112358838 
9
0 0.0693312027500965 0 0 0 0 0 0 0.130869106040233 
9
0.220162055633648 0.333931800172889 0.0920890099916414 0.0365096221569752 0.215230279324664 1.44764013084263 -0.495224707556503 0.690109120524352 0.288017044394176 
9
0.125752899218661 0.864192927797151 1.14741910243425 0.363711031145551 0.0932067630527474 0.163603947316114 0.118438092431939 0.390584950016974 0.491387250168633 
9
-0.0854923688854893 0.0208812499737207 0.135889926868943 -0.410392400974288 -0.126804125670257 0.0216644779189203 0.0171063369309474 0.00585925666478396 -0.00529411652139555 
9
0 0 0 0 0 0 -1.02136005667376 0 0 
9
0 0 0 0 0 0 0 0.206936667152529 0.25776956328364 
9
0.0840720035900803 0 0.0546808782327001 0 0 0 0 0.382826387917162 0.234514745171124 
9
0.126997826984249 0.0596872931033007 -0.0507275240795429 0 0 0 0 0 -0.0771431871923215 
9
0.424098030920355 0.120797794041491 0.0962265155473718 0 0 -0.0522589649300117 0.00703568086028099 0 0 
9
1.35524173529515 1.65728422475426 1.44012762579998 1.40139742060564 1.31924678455308 1.50085428542379 1.8121438846691 1.56444574231444 1.31670804374367 
9
0.986672303002436 1.05346602227291 1.32237002764139 1.18212351271298 1.18956441588779 1.17354650003625 1.11619213578853 1.76772408644872 1.12467929219661 
9
0.0358982625493585 0.0661040557788641 0.0601631513512462 0.214026018477169 0.030496470642145 0.192931216219459 0.0296658111747964 0.108102397645589 0.0598666687542107 
9
0.395408891371892 0.045739666991305 0.0576796178659825 0.0303587671459186 0.110459261153271 0.143133512092428 0.0878800173600635 0.0142384785518766 0.0427226012625053 
9
0.334894337251351 0.442655926209458 0.288113356023484 0.345068250972643 0.610498095392295 0.328555471668669 0.579026988787383 1.16598288556566 0.246887073699791 
9
1.25801024326131 1.22858571241482 1.27433217858488 1.31531834023608 1.19371792512473 1.21058876576726 1.18315690569913 1.24034936298877 1.27890232006221 
9
1.03268181414113 0.93973320763198 1.05188068418869 0.984439212038278 1.03206127942634 0.996658766858275 0.989644530465447 0.978079340580704 0.993499665405072 
9
0 0 0 0 0 0 0 0 0 
9
0 0 0 0 0 0 0 0.0787575123376989 1.41474069938641 
9
-0.0395051125331185 -0.0559729236862014 1.12809226385888 0 0 0 0 0.920201301560865 1.42516624302311 
9
-1.19911690262944 -1.12283512862614 -0.260098500449994 -0.307016420324571 -0.258049386481816 -0.0574396252031305 -0.146217736194271 -0.0355700370519667 -0.0696341854017602 
9
0 0.00391095576987511 0 0 0 0 0 0 0.011683078145188 
9
0 0 0 0 0 0 0 0 0.0685093678620716 
9
0.25911871284249 0.953478966346575 0.207412161745929 0.594580988397349 0.326913632700142 1.38477839361286 0.597410694218446 0.349542811907364 0.60716401328499 
9
0.0643478785855015 0.0383858017081355 0.0748277924434368 0.0434905148190504 0.187455865468236 0.0679962554299093 0.0418940864523131 -0.0101174776986783 0.0762791919022638 
9
-0.0186064779758453 0 -0.000717634868747035 -0.757490656416001 0 0 0 0 0 
9
0 0 0.00121912873191999 0 0 0 0 0.0501182169595998 0.0189221964668285 
9
0.00193592227509036 0.0477290870661559 0 0 0 0 -0.0318111685194708 0 0.163984071731499 
9
0.0939606370668388 0 -0.0685252699523277 0 0 0 0.000648350932085965 0 0.0106589528551772 
9
0.163858894047414 -0.0195752391199912 -0.125432613121391 0 0 0 0.00397053460060416 0 0 
9
1.00370915201263 0.00767967251592645 0 0.129822385379929 0.112040803041084 0.138070123223883 0.00649367827479869 0.00321606040000915 0 
9
0.651297086844819 0.67575042670211 0.679209783620996 0.754012042335379 0.732762968601455 0.714430335897881 0.778710517133235 0.791973623212406 0.717399278545333 
9
0 0 0 0 0 0 0 0 0 
9
-0.0328834939947937 0 0 0 0 0 0.0316170514415657 -0.00436668095644563 0 
9
0.600216533514675 0.114640328369588 0.288232268542946 0.105911713391044 0.00441453415848635 0.167739199612918 0.287468508752263 0.131193361349411 0.0879377394853335 
9
1.55150909130743 1.39562056768548 1.35629937944939 1.0005608111902 1.03879912865243 1.36399370548068 1.15074806831706 1.3825435849651 1.11642037536894 
9
1.94793974426024 1.23016836105482 1.20400939939191 1.25129407599057 1.27169377835028 1.27678246148847 1.22800589302558 1.3153422240031 1.31613143072686 
9
0.973075051152225 0.923204258010546 2.06274049098405 0.95783436453839 0.939347599337666 0.967024503456716 0.962810495290468 0.917557343720449 0.956815674774974 
9
0.257142791557606 0 0 0 0 0 0 0 0 
9
-0.0183146012270866 -0.0980433601140976 -0.0833308640190083 0.257914389243878 0 0 0.214584962851341 1.68029261049449 2.57841520061107 
9
-0.778178529847057 -0.527943087007121 -0.0966157137198305 -0.394406916343422 -0.385713198678066 -0.0334190731132234 -0.136396856211795 0 -0.0131196615116236 
9
-0.214197009262952 0.000321784927742556 -0.0157420999425793 0 0 0 0 0 -0.00790743670612574 
9
0 0 -0.0454490058422089 0 0 0 0 0 -0.0425506417213767 
9
0 0.0835855158931926 0.0104868961907994 0 0 0 0 0 0.226531860533032 
9
-0.0759315588980589 0.0659762550608162 0.0567092132029778 -0.0228567740943383 -0.0215510058984254 0.00644944502460997 0.107181311978515 0.0356205757804187 0.00717147406679457 
9
-0.00522974607178611 -0.24616036072774 -0.133448654370203 -0.0116894070229152 -0.0975251927112575 -0.027962606972398 -0.188469310699154 -0.0484491014759706 -0.0570115308082774 
9
0.0989318310724497 0.136585107476074 0.0522414650738066 -0.272717006319526 0 0 0 0 0 
9
0.119344179792656 0 0 0 0 0 -0.34315882882821 0 0.092327666377592 
9
0.00317485622149329 0 0 0 0 0 0 0 0.0526006092080335 
9
0.000163805248825395 -0.0369074165809459 0 0 0 0 0 0 -0.000207893155165948 
9
0.480913393772505 0.100954744235881 0 0.0137721280507048 0.0599311300388769 0.0676352137265865 0.114853228719844 0.0820669679697496 0.0755045761757584 
9
0.163560614993133 0.146137223772546 0.144708094538349 0.154121534323984 0.115890617873312 0.143333807597463 0.160389540504797 0.139954463216392 0.742020099232718 
9
0.0350367452322458 0 0 0 0 0 0 0 0 
9
0 0 0 0 0 0 0 0 0 
9
1.69480310154522 0.894245029869617 0.452033320177287 0.911206927544174 0.388285146771647 1.09861499869426 0.534191443059329 0.766316805919223 0.795579675090173 
9
1.52653844950797 1.52923940359408 1.48450869669481 1.4937464329648 1.46412725006034 1.47966858362366 2.08017792922702 1.55858364947631 1.49420803133036 
9
1.33960073748141 1.3175163574445 1.27130781016284 2.11112093882063 1.33629411274321 1.31234724098125 1.25757472943984 1.31340455794917 1.2842506646717 
9
0.821727016231132 0.810050210575603 0.797967973402895 0.830390197899327 0.803175963207248 0.8319861711237 0.790666591689108 0.807076896664235 2.11558601268574 
9
0 0 0 0 0 0 0 0 0 
9
1.12429356493442 0 0 0 0 0 0 1.04918433884983 2.81578233005827 
9
-0.143244390312577 0.472974889499873 -0.118761665463296 -0.307783552346152 -0.0868953434521422 0.592338046386814 0 0 0 
9
-0.474554862143217 0 0 0 0 0 0 0 0 
9
0.16224094605373 0 0 0 0 0 0 0 0 
9
0 0 0 0 0 0 0 0 -0.0199411342004771 
9
0 0.307909317093183 0 0 0 0 0 0.00493657077646762 -0.031780381896021 
9
-0.11775245182595 0.428953692009835 -0.0267273815112457 -0.0346171074464412 0.00109627130917965 0.0222191707129956 0 -0.111188200276799 0 
9
0.166852019952328 0.215877875044602 0 -0.0339266743567305 0 0.0263312345177397 0 0 0 
9
0.108989339264826 0 0 0 0 0 0 0 0.0524498363965313 
9
0.0415989488095548 0 0 0 0 0 0 0 0.035418617082868 
9
0.00110991567635853 0.00983159372508954 0 0 0 0 0 0 0.00639404293731646 
9
0.0759969452804655 0.0549738642446517 0.0145576466600865 0.00774156038472677 0.00665450805374307 0.0268969456844415 0.00952617142158446 0.0370811277793935 0.0274303269006264 
9
0.111616821572827 0.107025364296947 0.0948049852885787 0.0912840413907146 0.0998322329753392 0.079030322994398 0.0647991705953657 0.13448863609163 0.0841199518032437 
9
-0.00745243965763489 0 0.00774895399808884 0 0 0 0 0 0 
9
0 0 0 0 0 0 0 0 0 
9
1.06258646879829 0.329084104485802 0.697991178995871 1.03915482098815 0.534275905102779 1.00565478159827 1.68684109864493 1.13693591658411 0.780946177920091 
9
1.3939999911731 1.46802733011962 1.42863692168095 1.6321647551744 1.50547028874254 1.45629693988884 1.61120888486247 1.56550909808664 1.63492053528307 
9
1.19283280778172 1.1281299368181 1.33007000440228 2.08378548634912 1.32520779340598 1.32907840420682 1.31819293313653 1.237690593414 1.31128534570094 
9
0.762786438116333 0.717433350420313 2.31113254370556 0.767708759404603 0.766216903053612 0.765535660393394 0.751803962548351 0.755178122874978 0.750949869557618 
9
1.31164948261161 0 0 0 0 0 2.5191930436671 1.81242808542516 7.99002273357747 
9
5.28359755848399 0 0 0 0 0 3.96868276740174 3.15883186027164 7.28841817065863 
9
0.652772006710863 3.39112115037451 0.705661759876536 0.440631146617255 0 0.353819810483264 0 0.85581767519195 2.43152786458401 
9
0.0109943475735523 0.483768081394023 0 0 0 0 0 0 0 
9
2.38827208395684 0 0 0 1.34753500687585 0 0 0 0 
9
1.89924967510774 0 0 0 0 0 0 0 0 
9
0.342110006489709 4.04725011732827 1.77149452506909 0 0 0 0 2.14919562213633 0.800523248949819 
9
3.93928267838437 2.02994655537292 3.01767630022318 2.68364623656505 2.45743602537205 2.68414606913429 3.19870399764373 2.88084054044082 2.1647729401091 
9
1.34695670219471 1.27483607773236 1.5231219591121 1.44714646684427 1.44856522656401 1.61595186194655 1.40445086907059 1.39766457735186 1.05551071856475 
9
0.2791859590508 0 0 -0.00376399146901819 0 0 0 0.00521674272436547 0.00978918747812437 
9
0.0217475966875795 0 -0.0392302103473377 -0.001352689276265 0 0 0 0 0.0207373762654446 
9
-0.000251177757444597 0 0.00416668525603554 0 0 0 0 0 0.00930834407181262 
9
0.000437841249559584 9.83020928501655E-05 -0.018468068017971 0 0 0 0 0 -0.000209032045677304 
9
0.24610488037474 0.177976373285975 0.152711535749091 0.152255195411643 0.159950679007553 0.166815685534559 0.139261798770039 0.115146948683857 0.13347363776452 
9
1.52807911809445 0 0.00809464703133908 0 0 0 0 0 0 
9
4.19541045117507 0.368626016397251 0.0149985428256307 0.0654385680210981 0.221410532216029 0.176428217553058 0.169988839322954 0.0713942023997359 0.0794166935354592 
9
0.0540021985138083 0.084641637905656 2.62193143155402 0.143353921057972 0.15353194047867 0.107679235823712 0.189657806197543 0.0610363774961448 0.0942882594647954 
9
1.1364224421545 1.25355205505982 1.11229505021068 1.08303463284407 2.74022564289624 1.17471123143741 1.33889597504748 0.991901499752155 1.26145437278165 
9
1.1198546602022 1.11506144627732 1.1422063612794 1.12007926698841 1.08410822138921 1.06354401169597 1.08052973838305 1.11739743273802 1.0516596481482 
9
0.707764123417552 0.655515309996311 0.829429229692095 0.670515821497725 0.670179083597361 4.7870411717231 1.86401730459598 2.12367133134462 1.59112977389028 
9
3.55806797769197 2.41676484428858 5.42770437914211 2.55258199770174 5.38071011425077 5.28159102668604 3.88536713799987 4.72577368717427 5.42935422037516 
9
3.63457739196786 5.11338107937246 5.06983395221396 5.50466775854747 5.12835227627816 5.14237736352971 4.70424294122337 5.08132667148476 7.20980631320903 
9
3.05507827874625 4.00874426279841 3.36596599829543 3.24785147054698 2.93179456598862 2.98102277499853 3.35454702398013 2.9676451349523 3.41542254383874 
9
4.61202674354301 4.90155284320767 5.36824886517202 5.15812548462624 5.23831484838605 5.48607974551166 5.41644226739039 5.47874792417179 5.56859634833242 
9
6.18118405020565 6.00184439735751 4.96550513500603 5.598224897216 5.93554084230634 4.91862136925761 4.42018641148942 6.2375001623535 4.74807293049721 
9
7.48228919371216 7.37372946535058 2.84380931097221 7.48975172696888 7.08737001461541 6.71622936808706 5.72929124206052 7.01933758413102 6.39236097889186 
9
4.99107465360267 4.45263449855511 4.5489331451387 4.59159686686022 4.67028821836967 4.6655358860558 4.73887846850718 4.70984516630596 4.50138648569474 
9
4.08322261269077 4.11425977955404 3.9812224093243 4.01436753950638 4.13477230529271 3.93617909746513 4.07934910179173 4.09237006881598 3.85154825366385 
9
3.56706935310231 3.05916015796684 3.62336632693166 2.52428699073463 3.0380581487387 3.57238943624505 3.18340096468468 3.1337370264303 3.28073061487677 
9
1.92380541487219 1.1324790546398 0.737857775621136 0.863464936356535 0.64236620753419 0.786090224373895 0.557795998989194 0.796062989462342 0.590587011923874 
9
1.2908256533998 0.0626606708286475 0.0646598477302666 0.202980135325954 0.180468404841345 0.1877703007797 0.024854868281639 0.0722556852102144 0.458766678917363 
9
0 0 0 0 0 0 0.000266384078585506 0 0.0601735420187923 
9
0.145542032941825 0 0 0 0 0 0.0165253328803499 0 0.00968833784132131 
9
0.472943973415529 0.712102784383861 0.0668266379166179 0.116096250824738 0.14734738923915 0.15837627936375 0.126412770840466 0.111242465694651 0.187762271332558 
9
6.89602536628225 0 0 0 0 0 0.0357239232950548 0 0 
9
0.179532365239365 0.133535875948987 0.0446854312278988 0.0673444960117997 0.0388506258304951 0.0875899383489581 0.0853271510526846 3.82976661467609 0.0442057366806686 
9
2.3749688134306 0.0497548625309559 0.509020123009573 0.724545235447282 0.463881358530082 0 0.35276304160087 0.325406346349297 0.221525922044541 
9
1.17316183063642 1.20172881378203 1.1990101835991 1.25932762935159 1.24083042327029 1.2243205490364 1.69618958623151 1.27214875164236 1.23902514121265 
9
1.01721592444876 0.942587793926424 0.888886022810819 0.977036208952309 0.936725008798886 1.02081338673223 0.924818851631991 0.941099902589648 3.91139479072634 
9
0.652484424984812 0.619236790338851 0.630693170634522 0.669423468022221 0.615360016034807 4.04713639102805 0.665641633931052 0.6092922850487 0.633730034757002 
9
3.06418624898453 2.05312636704207 3.551438433314 3.47076078628756 0.941027074378614 0.823271176150739 3.94177636515374 2.42124151185546 2.2593095083014 
9
2.50797637075781 4.5437896369889 4.34729644079078 4.2097410704124 3.75383057210999 4.41534874176576 4.44620102355202 4.91369491581618 5.80869933735373 
9
2.36749503280807 3.00077028440893 5.64251936006819 3.1397335581523 3.00141931943334 2.96819585955691 3.22270521765867 2.98403103742402 3.68002339236347 
9
3.87940685981955 3.82070457026503 3.82878950373459 4.00035260934254 4.02002367346903 3.97860621873576 3.94256307105955 3.94735140682443 4.20278333696874 
9
6.00880242133156 6.17531791624157 6.31722826890049 6.04943124337971 6.31118747209158 6.15529936390312 6.42183418081856 6.19693888900006 5.83146257399242 
9
7.87253359707655 8.36080027669191 7.52619127614026 7.97271614327414 8.14466347071316 7.84650875758205 7.99896186193759 8.08647982038227 8.25243460662387 
9
6.84423235540913 6.98495218511841 6.46132695013264 6.86522152499653 6.80392178129912 7.11515004009987 6.6409625404515 6.86549463109247 6.7887342681585 
9
3.69533091306239 3.50892783355579 3.28882533772243 3.62464110505329 3.54858468031297 4.19076622370278 3.72993364994374 3.6098438403383 3.70963940831795 
9
3.28720871903556 3.3895063648465 3.33362706041046 3.52039598768038 3.55828550325797 3.28824459462647 3.5672224075964 3.58956714441318 3.46688047495526 
9
2.08467662924483 2.07733651023017 2.28907734424087 2.10768732546545 2.05912549791676 2.05784705301326 2.05711255698039 2.08477256377449 2.02607587618955 
9
1.16651075826115 0.854672313422224 1.23423381938215 0.834392825385346 1.14608795693386 1.8085836942057 1.12133837125155 0.956783814379117 1.10119859003593 
9
0.0596214663135845 0 0 0 0 0 0 0 0.115102345792957 
9
0.503601203896702 0 0 0 0 0 0 0 0.389178683440631 
9
0.711797713634885 1.82902940682573 1.05968335703655 0.63753657227642 0.997237862049759 0.388632509480116 0.609522693616803 0.521134666020632 0.498498338562012 
9
0.1208925424053 0 0 0.19043969890997 0 0 0 0 0 
9
-0.00117257032543421 0.150412631410011 0.0121297677122725 0 0 0 0 0.127090383197114 -0.000419553697458468 
9
1.81873420404258 0.502830126362077 0.187304693666453 0.205218698146092 0.0714081276856104 0.283409211551663 0.40632057397522 0.296675915175278 0.123923409756466 
9
1.040751664612 1.0308188155423 0.955765197956231 1.094118593083 1.02529669907341 1.04850989511682 1.06074159892745 1.15244783963277 1.03863726743627 
9
0.893691576405501 0.895862506417376 0.911876955626962 0.887928492515046 0.880066921398136 0.906241323605578 0.90378409570496 0.856925551949223 0.903055271974118 
9
0.703637253392315 0.684486261640338 0.697599367278138 0.671272175973046 0.668157768920493 0.784593806244126 0.688017500341355 0.688801395626502 0.69377525904503 
9
0 0 0 0 0 0 0 0 0 
9
0 0 0 0 0 0 0 0 0 
9
2.17891213085089 2.56379655658708 2.59661054454394 1.0895776313107 1.19560077711324 1.50845835125553 2.59156230348291 1.71245435452682 3.40833403728091 
9
2.30200936990512 3.30640421276508 3.34839339097501 3.58085724507745 2.94841438751859 2.93452659585449 3.53058461765322 3.18056523431885 4.54325478070302 
9
2.91481548944771 3.1181761632223 2.88684117751056 2.74108645926894 3.36989825914019 2.83207968416715 2.91891010956919 3.66102150146736 2.70999701831 
9
0.0710436097827113 0 0 0 0 0 0 0 0 
9
-0.00891023113150321 0.100194850933052 0 0 0 0 0 0 0 
9
0 0 0 0 0 0 0 0.602663715909382 1.43441245866321 
9
3.76645295427226 3.62970249483633 3.50129411906477 3.1260529227979 3.11682841740848 3.39728471849102 3.81831665672576 3.047018351585 3.71555901511162 
9
2.64246412453006 2.65407045033409 2.48991757487187 2.71766465137124 2.59678638916085 2.62397522818395 2.71403693745557 2.50811141244805 2.71913772462359 
9
1.89647184618371 1.41095183813458 1.36108321137026 1.12134490650008 1.12378537450578 1.17953401841819 1.60591956455455 1.14771304052686 2.02045458080076 
9
0.438777996420976 0.413798999409414 0.33836664055435 1.15999646373155 0.230738937086592 0.288562322018061 0.13816872585871 0.220610129983514 0.683589228019823 
9
0.13996927699361 0.20095442158543 0.52028382843073 0.0474475904514459 0.19562261392851 0.2564594285246 0.0399126064569022 0.101733120443763 0.476682893186472 
9
1.06625140890783 3.38064612998351 2.99461653439042 -2.95500426938704 0 2.04059120289263 1.08500129043605 1.61775474687144 1.57161472764466 
9
0 0 0 0 0 0 0 0 0 
9
0 0.100359490848547 0.00969959455354921 0.222215407415335 0 0 0 0 0 
9
0.32514767901338 0.231228392388892 0.0126337515524331 0.235236778411304 0 0 0 0 0 
9
1.39074716343224 0.210000671452984 0.283677599422216 0.332585330781724 0.41722291073044 0.226366701432031 0.205363805947988 0.287841174344453 0.199769813726172 
9
0.64119400990328 1.27198756535626 0.900967901913466 0.879666492922424 0.586722850101918 0.62052006172967 0.561214189068835 0.589107273725519 0.663169887152661 
9
0.776539152197366 0.755801073591228 0.75682706118003 0.777105064345524 0.772913139943976 0.768474252699425 0.782262960958688 0.761173007319375 0.767154202343306 
9
0.700696722804843 0.712174763249042 0.704010517346714 0.674776966310928 0.665922587972211 0.665347083358207 0.667938303513342 0.703776625559416 0.648035194854774 
9
0 0 0 0 0 0 0 0 0 
9
2.18875197299189 0 0.120867688102406 0.754673478213981 0 0 3.20336593624845 0.793445681764367 1.69869884455343 
9
4.93044093275537 3.55391018334527 1.03600068275894 3.05363554995724 1.93101434525212 1.74457475766352 6.36969014674824 1.83980904532259 3.4003532371489 
9
1.71078514667783 1.15281846052163 0.810282825568565 1.03607859906207 0.0659227975837372 0.363889576164833 2.26169753237342 1.5744964710153 1.2780599622609 
9
0.0404690112635111 0.0364220507831745 0 0 0 0 0 0 0 
9
0.185280515489541 0 0 0 0 0 0 0 0.0125348276528297 
9
-0.155366260204843 0.00392322547560893 0 0 0 0 0 0 0 
9
0 0 0.117780945298486 0 0 0 0 0 1.25785095879021 
9
2.8816295150603 3.3227198512642 3.28495973062946 3.31291998219316 2.54435530438869 3.25029020024443 3.28059859740274 3.21925607733733 3.32283955235365 
9
2.62996593301286 2.57834069276686 2.58644722641553 2.50801051665779 2.59574877767782 2.61667126027465 2.59110716503575 2.61354640749445 2.49298462672124 
9
2.10748203803706 1.33112681564012 1.27507881929559 1.24368816048882 1.3315591077807 1.38245743208787 1.22596479535928 1.25801713431689 1.18551953402239 
9
0.987985977167 0.929998232975524 0.927075643588373 0.818007063241018 0.905528084067515 0.846416204971749 0.62860026795311 0.828696329987936 0.813440015978458 
9
-0.0422519498766508 0.253181337317015 0.0799726554432016 0.019043064208679 -0.023721659876704 0.262647763551301 0.0502384524234245 -0.0111091105812431 -0.0553524791238497 
9
0.155223258487515 0.169880638726935 0.011977320339197 0 0 0 0 0 0 
9
0.295956069484578 0.32481952950487 0.0400225748218071 0 0 0 0 0 0 
9
0.462425802022053 0 0.00011028707290635 0.0875623579979796 0 0 0 0 0 
9
0.22451915515488 0 0.013053609561757 0.196849136965056 0.038994939477191 0.0300760726939543 0.973163964192638 0 0.0472968680210657 
9
1.02800740469617 1.46573684149758 1.22551489430103 1.00539727679329 1.40981812897885 1.11732674946539 1.45002082996042 1.44628548531766 1.05913964154033 
9
0.696521176706289 0.595168475563119 0.666873742806116 0.62676015763817 0.658191663836378 0.559311274492058 0.941191864213196 0.822611757079334 0.76576460494279 
9
0.601312432352233 0.595562361455195 0.6261623319493 0.642911318709613 0.661671374679005 0.716584164161234 0.646504951393953 0.635974258807052 0.709306265536817 
9
0 0 0 0 0 0 0 0 0 
9
0 0 0 1.27826253569193 0 0 5.62620985180569 3.01319797635035 0 
9
6.36148623326903 3.41659550663681 2.51256705241013 2.80953994173148 0 0 8.0467827681343 8.34134541073793 3.19299759527407 
9
0.819070179802929 1.04515828790588 -0.0728029512032635 -0.186670686980972 -0.117744146959356 0.267135109562453 1.1393066028478 1.32870263362902 0.34257912184748 
9
0.142482608762381 -0.0212564190677347 -0.0110487801581621 0.0334529898409328 0 0 0.0145494970809545 -0.013531567259035 0.0610618420212743 
9
0.11353313654264 0.0516651829370753 0 0 0 0 0.395844422933472 0.00366485748375613 0 
9
0.0553324910940096 0 0 0 0 0.0448631928038096 0.373522677873141 0 0 
9
0.78792548602657 0 0 0 0 0.0429178805383728 0 0 -0.0150447139542859 
9
2.8686748221057 3.56914412471159 3.12626336139595 3.58464771982834 2.70456636735663 1.29649907066965 3.36722178889766 3.47236856968229 3.40093185990183 
9
2.41169458954111 2.44165256140735 2.4204076039881 2.42313533631558 2.32760104091465 2.37206554892804 2.43836029080959 2.34676535084337 2.53653509836326 
9
1.95225051052376 1.92872674965634 0.991264048891139 1.30532731305439 1.21500125859389 2.15230619113881 1.43794221095817 1.45290445693503 1.27800584993938 
9
1.11486671651742 1.10831735785175 1.18647546477698 1.12495193186544 1.15134639371047 1.16491059100575 1.12832828426771 1.14717160597566 1.19347415862388 
9
-0.0858910325711519 -0.0116480591526026 -0.010134301682331 -0.0496539332201855 -0.115469523519612 0.00647856127827288 0.0258088397536384 -0.0742382042092057 -0.0159221663902159 
9
0.251851039425284 0 0 0 0 0 0 0 0 
9
0.590291229095523 0 0 0.0929847727934838 0 0 0 0 0 
9
0.0924972300516846 0 0 0.0618572028720519 0 0 0 0 0 
9
0.0183759725686409 0.168950099967524 0.0106525920705536 0.409883221724307 0.103601945534949 0.016642547299852 0.000838182200872329 0.0660108360946685 0.0271708499092406 
9
0.00017167862734941 0.00860431359399432 0 0.0275974776450546 -0.00605153913405156 0.0245683681159905 0.0319673684168606 0.0166190099120626 0.0238921923638574 
9
0 0 0 0 0 0 0 0 0 
9
0 0 0 0 0 0 0 0 0 
9
0 0 0 0 0 0 0 0 0 
9
0 0 0 0 0 0 7.37334447293944 7.16454976268839 4.2185234854814 
9
2.32642111314238 0.108264082848429 1.83695823759866 1.65383200478241 0 0 7.81767067299124 8.76293750250967 3.40418995523667 
9
2.31353737752371 2.36183750216588 0 0 0 0 0 0.222198112285868 3.04098167369266 
9
0.121352679784943 0.149854528519317 0.0144530151177451 0 0 0 -0.00870860627402811 -0.0597244839440962 0.0226736090336923 
9
0.0888746299019185 0 0 0 0 0 0.290251570890045 -0.0571256036519648 0 
9
-0.00508335479404092 0 0 0 0 0 0.229571459619684 0 0 
9
2.01075856324191 0 0.0141495884964802 0 0 0 0 0 0 
9
3.81668177903823 2.34685358563022 3.8042474794285 3.65071562261227 3.38844900244389 2.77289435632494 3.72799094307649 3.73468690434529 3.89123176806899 
9
3.10787289387813 3.24244544141187 3.13832200286523 3.06682461213574 3.19209958864227 3.02349747205661 3.122043290157 3.16861146897745 3.20626794865969 
9
1.52973784892635 1.5210164967465 1.75309731736328 1.41980904135738 1.73455489422093 1.66367738422477 1.41106473676382 1.60748858740251 2.26016453653962 
9
0.439756398646984 0.452821281665827 0.326429911352668 0.441449024789469 0.419857296733046 0.266637571244304 0.14161640990578 0.260869821097 0.965864975090182 
9
0 0.0015499184208073 0.0144859682114944 -0.00609661162888928 -0.0164122028950816 0 -0.000841720122464476 -0.0276456536723772 0.0494124702656824 
9
0 0 0.000267001141698835 0 0 0 0 0 0 
9
0.321849914360448 0 0.000106221174271049 0.488779976881804 0 0 0 0 0 
9
0 0 -0.0531117461168088 0.281673306460564 0 0 0 0 0 
9
0 -0.000154505620958951 -0.0620358405281324 0.0976542125457977 0 0 0 0 0 
9
0 0.00327749604834964 0 -0.0529325381314797 0 0 -0.000174117655101031 0.0250233706873555 0 
9
0 0 0 0 0 0 0 0 0 
9
0 0 0 0 0 0 0 0 0 
9
0 0 0 0 0 0 0 0 0 
9
0 0 0 0 0 0 4.05829416546796 7.99785623341661 8.4697955653872 
9
0.0283499650798292 -0.212060537334098 -0.344965011295829 -0.274612696962357 0 0 7.60950890770178 7.76166731103911 8.61755708183561 
9
-0.222305207979297 0.765801094488684 -0.351531786135998 0.0775887403860426 0 -0.01815443949404 0.145896379975745 0.0582693264111615 0.708191389542453 
9
0.362255800852823 0.119972945469932 0.0562552955888023 0.0294871103579343 0.211506306575983 0.0281772093397472 0.0808826312198533 0.0643850849175628 0.163927274602948 
9
0.0619859930811266 0.0407531602067407 0.00490718090750243 0.0139300242272037 0.0176180306227933 0.0562298036646869 -0.00573330242242697 0.0395023190139734 0.400498453627636 
9
0.00510047425274687 -0.176860748926187 -0.143858359288884 0.0604003748124976 0 0 0 0 0 
9
1.18386873003499 0.0142107342024114 0.0527741606630243 0 0 0 0 0 0.0345735201181884 
9
5.88953655004299 4.36745441808202 1.48544422402167 4.38631006947719 5.0868505717046 3.88724089365764 5.86350936087144 5.86676119150726 5.62003812733567 
9
3.51051164364437 3.79514596693289 3.62959279010438 3.59507567802279 3.50916607268036 3.55527686766095 3.35437368928286 3.77922204890504 4.50980954971001 
9
0.886715054661018 0.850939480374589 0.815671768766411 0.856566017183482 0.884350045204968 0.869929376021705 0.794675374564762 0.900846165633096 1.79627415090523 
9
0.488905645794225 0.422719461612019 0.181710918639305 0.409785068171496 0.316839079910037 0.283067766374382 0.248863850431214 0.145638952921023 0.120825785985481 
9
0.170644531121479 0.169894265336475 0 0.168491538872421 0.234437449586918 0 0 0 0 
9
0 0 0 0 0 0 0 0 0 
9
0 0 0 0.0772958726522669 0 0 0 0 0 
9
0 0 0 0.174540375345731 0 0 0 0 0 
9
0 0 0 0.00246278293219751 0 0 0.00160121488230082 0 0 
9
0 0 0 -0.0200643658638001 0.035786276861419 0 -0.000857838423582129 0 0 
9
0 0 0 0 0 0 0 0 0 
9
0 0 0 0 0 0 0 0 0 
9
0 0 0 0 0 0 0 0 0 
9
0 0 0 0 0 0 1.49870183072793 6.72523112280785 7.8030529668657 
9
-0.130329358577728 -0.288763364039048 -0.337478222466689 -0.269493379533291 0 0 3.53435910667874 6.30924295184785 7.55849106592217 
9
-0.296539035963354 1.48897428308594 1.27365486181476 0.136233069286379 0 -0.0738455638289452 0 0 1.79678994981565 
9
0.320713230406033 0.159825647300707 0 0.0623661919589961 0.158062496688425 0.0377535238427407 0.0697077225494247 0.124263234951837 0.268959146330652 
9
0.440474784622135 0.137069035055594 0 0 0.24367152489211 0 0.0367878516220389 0.244458724352183 0.17912400835806 
9
-0.000133341920379742 0.00344365171145724 -0.0288462408067831 0 0 0 0 0 0 
9
0.395066575567173 -0.00113314243127172 0 0 0 0.0448611122841081 0 0 0 
9
5.57883401024903 4.99144040026334 5.41919611041035 5.57048538966751 5.151108127539 5.21006832476052 5.30292516940139 5.43029860027664 5.5884185525599 
9
2.17925141601417 2.1899359718016 2.46888923910132 2.32382462650081 2.40259968097996 2.35813109169113 2.34546655070598 2.40216261856025 2.95818837202032 
9
0.980653941173605 1.13284485960328 0.996923226720658 0.794207548379768 0.903519453456342 0.87159803150403 0.79023423848825 0.809445390969686 0.852658315257266 
9
0.784992967982983 0.807387664377432 0.84307545212083 0.620190785386901 0.279500484966542 0.377532864595349 0.114554325348278 0.646168448857095 0.524408627685449 
9
0.0716760889163631 -0.0126147244467013 0 0.0778725912102179 0 0.00030124287088443 0 0.00762905250537549 0.0134937106349044 
9
0.00553195953493534 0 0.0046481929029821 0.02799040011905 0.0113054442124483 0 0 0 0 
9
0 0 0 0 0 0 0 0 0 
9
0 0 0 -6.17395922387648 -5 0 0 0 0 
9
0 0 0 0 0 0 0 0 0 
9
0 0 0 0.000776013060962731 0 0 0.000654676901970359 0 0 
9
0.150172336414635 0.129146757506526 0 0 0.13945995520556 0 -0.0220343622163872 0.143739658598549 0 
9
1.01816953180096 0.00649114295360887 0 0 0.0107829548787992 0 -0.0330561394380081 0.221826697253788 6.27051523193032 
9
0 0 0 0 0 0 0.362831788498254 0 0 
9
1.67935574414279 0 0 0 0.216767029667503 0 1.91349195261226 0.843217564712662 4.58919520751496 
9
-0.357162431901067 0.687287315161453 1.33045469685374 0 0 0 0 0 5.07992034817107 
9
0.0786296323023981 2.30579188720991 3.06158167988747 0 0 0.301788667550635 0 0 3.95391692203092 
9
0.160672166860701 0.293101798365694 0.815683816313772 0 0.0364498570341843 0 0 0 0.391945655586572 
9
0.550150680258306 0.284053437165373 0.0685723290343016 0.117888539834334 0.273452477710928 0.0634809895194895 0 0.107184922960587 0.253204991169554 
9
0.00127143944115308 0.170370781884741 0.123757223379643 0 0 0 0.0227984050989754 -0.0259453421552392 0.146149660558474 
9
0 0.053615544696119 0 0 0 0 0.184092611388759 0 0 
9
0.00911378891810079 -0.095503252448422 0 -0.0951224807810369 0 0 0.00368924693807264 -0.0131171975876461 0.0038858923003753 
9
0 0 0 0 0 0 0 0 0.615581529029473 
9
3.70475514605508 4.04151877693706 4.50535516079087 4.46849423675433 4.59345341631008 4.66121615938025 4.53402145051882 4.21099088349036 4.57752416395962 
9
0.462292845115052 0.534885544347384 0.574117709331925 0.638433867540457 0.626505852441692 0.598817311544774 0.517021878147055 0.594540111154738 0.646892826052989 
9
1.27537442540217 1.09835667330654 1.25218718919763 1.25094752709924 1.14175611671213 1.26252113644205 1.2745421153165 1.27728708712764 1.24436316278726 
9
0.686819507982481 0.859478197251749 0.887328955078379 0.312366679279982 0.419436464235264 0.905056054358466 0.491703404099253 0.113263750593575 0.403580766296959 
9
0.134199170931136 0.0627656469648652 0.233532096614365 0.0987532849413115 0 0 0 0 0 
9
0.0670337674081857 0 0 0.105832808346884 -0.0797917643576514 0.0135227980281567 0.00665163213213271 0 0 
9
0 0 0 0 0 0 0 0 0 
9
0 0 0 0 0 0 0.000835603231331334 0 0 
9
0 0 0 0 0 0 -6.84223944304646 -5 0 
9
0.162137983547561 0 0 0 0 0 0 0 0 
9
0 0 0 0 0 0 0.601984846430965 0.712645106557572 0 
9
0.00268018799260002 0 0 0 0 0 0.160556495483746 0.0473024883437397 0.600397720456391 
9
0.166368000738572 0 7.63071462352714 -5 0 0 0.498002028385258 -8.88066203333438 6.7271660055001 
9
0.00541839243032103 0.186796288442388 1.02503966901508 0.541537411875192 0.0198724207369921 0.038787860381603 0 0.0332959883214181 2.09938576884161 
9
0.484264972187732 0.431406124308904 0.354104594490547 0.0866373687438819 0.208949094301727 0.0685431177097847 0.210446833677974 0.151095845961467 0.38017480553317 
9
0.739828972270166 0.843104542058703 0.490699782274776 0.350022837272027 0.470786589244813 0.25124076325085 0.155330174287406 0.229747913935767 0.628906201300914 
9
0.197308641762449 0.26212153648257 -0.00227580886095901 0.117624356641728 0.125989346035491 0.23344957241936 0.619436327162133 0.161125726792624 0.266721765664187 
9
0.273705419745255 0.336355581561603 0 0.176218963267668 0.0523213872687255 0.135681971617375 0.431394879122493 0.045190886601315 0.113281904147834 
9
0.131489119345856 0.0742682688597213 0 0.105038531746147 0 0.0382968952354689 0 0 0 
9
0.0739835187697312 0 0 0 -0.0190032005310059 0 0 0 -0.0743973890646599 
9
0 -7.99084716488142E-05 -0.0469465069667436 0 0 -0.0167791858315468 0 0 -0.0243448580891628 
9
0 0.582831955688676 0 0 0 0 0 0 0 
9
0.287374014949341 0 0 0 0 0 0 0 0 
9
1.66111382964466 1.64546972184746 1.56014903549268 1.37394920416806 1.52502993467572 1.58645685170165 1.59597346483147 1.42656598965053 1.63692137740662 
9
0.455954906343235 0.619500775702422 0.429913810362878 0.47348606186711 0.580159505740985 0.527040103993835 0.490896147317647 0.54044370237319 0.538405258203853 
9
1.32198478779115 1.27415276852942 1.39136798977334 0.910782826924325 1.09793476401503 1.55079275758852 1.29025752951405 0.893868148609125 1.49716870062604 
9
0.552484139066969 0.63711897348735 0.628461337788049 0.631037794787497 0.623971363679923 0.591452993548408 0.636257509756049 0.639546783626847 0.708704432586218 
9
0.36601187530781 0.416329085100333 0.304579361525224 0.356820558784349 0.335447005323221 0.247840203171492 0.345044738534944 0.37972540093035 0.317341024291287 
9
-0.00309192332076011 -0.0490703391271955 0.0120940381705441 0 0.0196950256762346 0.00313940574491465 -0.0314099398325624 -0.0238328964098333 0.0165595683148358 
9
-0.231499279477391 -0.0318688005208969 0 -0.199318031398751 0 0 -1.16627585281521 -6 -0.0918127883643736 
9
0 0 0 0 0 0 0 0.149738550709047 1.95576271492507 
9
0.0467489053183097 0 0 0 0 0 -3.11156417623043 -2.10776101465313 0 
9
0.403677994975326 -0.293831528144551 0.14804798423607 0 0 0 0.397913960711698 0 1.85144011059533 
