40
9
-0.55251542352082 692 -0.455762997183417 1361 -1.57562550575613 1000 -1.10650518529686 870 -0.397163791619084 1382 -0.228199177680942 2046 -0.128900582202479 1717 -0.286347829045188 1402 -0.271664863961562 1806 
9
2.41420642036443 500 2.55592872875527 768 2.1469252938734 851 2.20341215359296 946 2.89739528684819 1608 1.52924773502785 1056 2.70509166270196 1621 2.4859424648658 1293 1.11626617928162 2880 
9
-0.509716192946503 1141 -0.366228361461662 1097 -0.236323891240806 1211 -0.474013256079851 1626 0.000181207080099164 2129 -0.835441071980166 2484 -0.702969777264481 1184 -0.202256252346292 2157 -1.147391787981 2290 
9
2.00349284736663 730 2.28751583889957 899 2.67874704678491 1558 2.65486030326051 823 0.959097116061776 1952 2.42068123287868 2379 2.51835319876248 1340 2.83870370063009 2502 2.15176592350307 3469 
9
0.387722805437943 1024 -0.30733825899744 1136 0.0715301916360543 1286 0.174338987412999 1210 -0.0660757731848838 1242 0.162692154799097 2312 -0.295878127439905 1212 -0.523897715501279 2309 -0.109127904536287 1422 
9
2.46716579211782 551 2.39988454146851 629 2.28268121619172 1404 2.1832525827282 1290 2.77464004718217 1022 2.06094046578176 1729 2.30870512146416 1298 1.58705998865786 2092 2.23171716386094 3742 
9
0.578802969944614 693 0.57751953191563 1200 0.51082620356143 1468 0.843924810317482 853 0.308324132061036 991 0.812529716705749 2830 0.122744746135081 938 0.689758857331693 2258 0.86714790969182 3513 
9
2.77361821704563 685 2.55189911076379 1387 2.59120199212845 1371 2.29081385093108 1007 2.15478481176972 1916 2.07022363596152 3457 2.75005916048947 1006 2.08301021929835 2041 2.62287138023991 3662 
9
0.818186191252632 375 1.0660697286927 795 0.821386180828324 1042 1.10429507954014 412 0.379944913389606 1355 0.938711664287525 1980 0.347520686513737 866 0.346753579298005 1565 1.05703905742966 1421 
9
1.54177752447471 550 2.02240062510024 940 1.80204812970255 930 1.98888473998837 1243 1.43420113154054 817 1.9733785780556 2008 2.03179983577299 821 1.91905561733542 1474 2.53313151958178 2881 
9
0.749931524127837 303 0.36558092876474 396 1.0644834454457 544 0.663118589381405 358 0.603662974060288 821 0.782723198334599 1145 0.73615587530391 1075 0.616125050651316 2308 0.332652799061694 1980 
9
1.19561844388593 498 1.72601451042039 667 0.94747209379175 678 1.11003736579761 626 1.6766888520838 977 1.37916972822204 2117 1.01745138247135 1180 0.791135535770237 1875 1.39208500551597 2316 
9
-0.221394911790345 318 -0.160053760507775 431 0.692099646114762 738 0.20709780872143 396 0.308563406192378 419 -0.330939111731044 991 -0.0280989026108733 586 1.06826299779223 1930 -0.705646841067744 2474 
9
0.103130055546343 469 0.22763144652036 641 -0.150413411496784 728 0.558107666576611 555 0.212451255079094 878 0.673023315153758 2364 -0.234924295931835 899 0.048361748612796 1979 0.336446778808029 1962 
9
-0.964422644123699 281 -1.24561065763183 359 -0.460186995490254 410 -1.20367305273604 367 -0.55338754292004 643 -0.424133512315667 1229 -1.52997844564111 908 -0.922312022185698 1758 0.65646971971734 1637 
9
-0.89817019510251 521 -1.32120492280608 676 -0.295005945432811 704 -1.28653892323766 418 -0.724487049079364 1069 -1.92818591434696 2434 -1.00409624068772 1627 -1.19806119598404 1008 -0.819730542000748 1680 
9
-2.1818309816724 581 -2.7883703087202 427 -2.2163396551827 663 -2.79978882436618 465 -2.79986186620907 523 -3.1800141338307 636 -2.36618185472963 447 -0.532144772522438 904 -2.29279093621429 2388 
9
-3.3893154386168 601 -2.67473694195459 1056 -3.08714067387475 755 -3.1257638934444 493 -2.68008320593675 631 -2.90254076830228 2295 -3.3178564378942 655 -1.89981933898177 1813 -4.33993222660859 1462 
9
-4.918605827231 632 -5.0869358458025 584 -4.91872031692681 711 -4.2053543216608 570 -4.58108087828155 741 -4.54415096353466 742 -5.83895232864538 848 -2.66860626675766 1092 -4.02104883281164 1923 
9
-5.86242657981859 710 -4.44428215066635 761 -5.47725611055001 1275 -4.81462765230306 709 -5.97081401834677 652 -5.27621533219321 2478 -5.3947969826462 1120 -6.09215208863198 1593 -5.81821334075188 2175 
9
-9.50333700025883 436 -7.9700780775041 492 -8.59627124169382 610 -8.46645141788154 576 -7.55799043601462 635 -8.00683216543189 567 -9.28554020133362 1462 -6.04127884006315 880 -8.99967285694922 904 
9
-11.0204086205932 630 -12.2502088595577 808 -11.0049544562668 1042 -11.0185265435835 775 -12.415326369336 1164 -9.88033842354311 2006 -12.0482535838033 1170 -9.77195301490742 903 -10.4450811293548 1571 
9
-13.3173630131206 302 -13.4548844543824 442 -11.9729783308795 615 -15.3359855154577 409 -9.9465774458174 681 -15.3228225113353 499 -13.6263298942584 461 -16.1981083468889 663 -13.4367130041713 1279 
9
-18.9868122821197 636 -20.5868404339761 584 -18.528387600639 745 -18.6788091082762 511 -19.4040445102712 1036 -17.7229845450464 1634 -18.2936799610226 1316 -18.014287549239 887 -17.9573851119078 1421 
9
-19.4960848968664 388 -21.0100179129623 401 -21.5863405657853 546 -22.6136717240515 352 -16.588805646901 565 -18.994155265188 628 -23.5825326402637 616 -18.5030250111181 908 -19.7089583513957 518 
9
-31.1882768758473 687 -28.8655796022729 706 -29.2199610990062 1365 -29.2893142416995 863 -28.8693151606225 866 -29.0278560982074 998 -29.3582144467901 999 -31.285007658908 1074 -29.378068881301 957 
9
-29.729862801747 340 -31.0229027557008 345 -28.2354366817043 503 -30.9227047751703 565 -32.0545455723958 471 -30.3588501019579 567 -27.0009740459225 885 -27.314056590134 398 -30.012393412407 470 
9
-42.6170599990148 560 -48.5918040428741 478 -44.1401294601523 1668 -44.1617645720861 838 -42.7732479595979 901 -47.0848037895735 717 -43.037515767726 1099 -42.648938259667 1151 -43.8064236590601 913 
9
-48.6309602867381 567 -38.6439819400949 460 -43.8884100079639 396 -42.1496913570852 312 -42.3546865794985 526 -44.6367146092235 853 -40.8206514921779 263 -43.8420300274317 465 -42.5295519915609 401 
9
-65.549209875671 624 -64.9733141820571 550 -65.8626706062134 1149 -65.3958494631757 655 -64.8645683594783 1145 -69.2647726794866 917 -66.2335606611503 1229 -61.949717093998 924 -63.9361354260041 941 
9
-61.4814537712105 363 -67.1382438578752 307 -52.1310734572511 527 -68.8000284327245 386 -66.1168313546929 348 -67.0275501067368 392 -58.2323004179219 549 -63.2393740442866 627 -64.8551396137653 730 
9
-93.4142218886327 799 -93.8752803658809 705 -96.2999368707042 1025 -95.8807674921854 596 -94.0382116923052 1210 -95.4698350089042 607 -93.6684058184864 1299 -95.9906272141341 1281 -93.5202151433998 812 
9
-94.9192604447415 447 -88.4300520646312 842 -91.9342393446193 518 -93.7911733313112 626 -88.3753742161771 326 -94.5745790406063 437 -91.7502339377361 479 -75.2383791959166 693 -90.1184235095651 444 
9
-141.499255205353 644 -140.390048154473 974 -141.970518696302 1116 -138.71918630298 1030 -141.834344424957 1247 -143.37504240414 1252 -140.984718934068 1496 -138.711139194833 1178 -147.63693221054 1124 
9
-141.423609361439 398 -116.702077141736 735 -144.35896911777 277 -139.206068520546 266 -149.94770128761 611 -132.352353229647 289 -150.175559957437 292 -140.969617771381 330 -139.942289648032 355 
9
-217.611419782199 724 -211.340793568511 697 -229.810974409691 700 -207.990181135893 502 -209.845746595621 1090 -211.269941899151 1100 -226.697809404619 945 -209.108351683282 735 -213.511669760777 1255 
9
-187.566732304451 400 -193.228349446455 211 -186.121127772872 290 -198.688355894551 318 -202.234365088349 611 -197.188626432116 361 -152.630029498753 652 -192.904690577675 265 -209.742787932904 257 
9
-300.461108668134 784 -313.735990161991 1224 -301.871621565251 985 -318.198117413746 1002 -307.167047244903 874 -300.96806456906 805 -301.891454347077 710 -307.424363575973 579 -307.633475348114 691 
9
-250.084795722584 3606 -224.653139216986 3516 -239.958278053883 3413 -233.839895521528 3431 -255.680614951073 2959 -233.150667035911 3898 -115.212615095605 4120 -231.493479367528 3677 -236.390334523293 3099 
9
-450.185859584718 44124 -451.563711642301 37230 -449.776753974152 35773 -450.977538143127 36219 -454.798832432176 32610 -451.877224291598 36873 -453.846102933842 35452 -619.955897957567 34372 -453.260261799881 31144 
